(0.0, 3.0): 0.031914893617021274
(0.0, 4.0): 0.031914893617021274
(0.0, 5.0): 0.031914893617021274
(0.0, 6.0): 0.10638297872340426
(0.0, 7.0): 0.0851063829787234
(0.0, 8.0): 0.23404255319148937
(0.0, 9.0): 0.4787234042553192
(1.0, 2.0): 0.005494505494505495
(1.0, 3.0): 0.027472527472527472
(1.0, 4.0): 0.016483516483516484
(1.0, 5.0): 0.005494505494505495
(1.0, 6.0): 0.06043956043956044
(1.0, 7.0): 0.13186813186813187
(1.0, 8.0): 0.24725274725274726
(1.0, 9.0): 0.5054945054945055
(2.0, 0.0): 0.0027100271002710027
(2.0, 1.0): 0.0027100271002710027
(2.0, 2.0): 0.0027100271002710027
(2.0, 3.0): 0.024390243902439025
(2.0, 4.0): 0.02981029810298103
(2.0, 5.0): 0.04607046070460705
(2.0, 6.0): 0.08943089430894309
(2.0, 7.0): 0.13279132791327913
(2.0, 8.0): 0.24390243902439024
(2.0, 9.0): 0.4254742547425474
(3.0, 0.0): 0.002844950213371266
(3.0, 1.0): 0.002844950213371266
(3.0, 2.0): 0.005689900426742532
(3.0, 3.0): 0.012802275960170697
(3.0, 4.0): 0.02275960170697013
(3.0, 5.0): 0.03840682788051209
(3.0, 6.0): 0.08108108108108109
(3.0, 7.0): 0.14082503556187767
(3.0, 8.0): 0.24466571834992887
(3.0, 9.0): 0.4480796586059744
(4.0, 2.0): 0.0006172839506172839
(4.0, 4.0): 0.007407407407407408
(4.0, 5.0): 0.02654320987654321
(4.0, 6.0): 0.07037037037037037
(4.0, 7.0): 0.14753086419753086
(4.0, 8.0): 0.26358024691358023
(4.0, 9.0): 0.4839506172839506
(5.0, 3.0): 0.0015304560759106215
(5.0, 4.0): 0.008264462809917356
(5.0, 5.0): 0.024181205999387816
(5.0, 6.0): 0.05662687480869299
(5.0, 7.0): 0.13529231711049894
(5.0, 8.0): 0.2711968166513621
(5.0, 9.0): 0.5029078665442301
(6.0, 2.0): 0.00048575129533678756
(6.0, 3.0): 0.0025906735751295338
(6.0, 4.0): 0.007772020725388601
(6.0, 5.0): 0.02153497409326425
(6.0, 6.0): 0.05408031088082901
(6.0, 7.0): 0.11965673575129533
(6.0, 8.0): 0.2658678756476684
(6.0, 9.0): 0.5280116580310881
(7.0, 1.0): 0.0001654122901331569
(7.0, 2.0): 0.0006616491605326276
(7.0, 3.0): 0.0019849474815978826
(7.0, 4.0): 0.006120254734926805
(7.0, 5.0): 0.01538334298238359
(7.0, 6.0): 0.043255313869820525
(7.0, 7.0): 0.10908940534281697
(7.0, 8.0): 0.2616822429906542
(7.0, 9.0): 0.5616574311471342
(8.0, 1.0): 8.155276463872126e-05
(8.0, 2.0): 0.00032621105855488503
(8.0, 3.0): 0.001427173381177622
(8.0, 4.0): 0.003506768879465014
(8.0, 5.0): 0.010724188549991845
(8.0, 6.0): 0.03335508073723699
(8.0, 7.0): 0.09260316424726799
(8.0, 8.0): 0.2483281683249062
(8.0, 9.0): 0.6096476920567607
(9.0, 0.0): 7.786039630941721e-05
(9.0, 1.0): 9.732549538677152e-05
(9.0, 2.0): 0.00017518589169618874
(9.0, 3.0): 0.0005060925760112119
(9.0, 4.0): 0.0018297193132713046
(9.0, 5.0): 0.0065208081909136914
(9.0, 6.0): 0.020282633238603184
(9.0, 7.0): 0.06629812745746876
(9.0, 8.0): 0.2114883014754545
(9.0, 9.0): 0.692723945964885
-----------------------------------------------------------------------------------------

(7.0, 8.0): 0.10810810810810811
(7.0, 9.0): 0.8918918918918919
(8.0, 7.0): 0.0022595222724338285
(8.0, 8.0): 0.07520981278244028
(8.0, 9.0): 0.9225306649451259
(9.0, 6.0): 2.0570206113465255e-05
(9.0, 7.0): 0.0007713827292549472
(9.0, 8.0): 0.02593902990907969
(9.0, 9.0): 0.9732690171555519
-----------------------------------------------------------------------------------------

Mismatch: 157.1300775325861
