(0.0, 0.0): 0.00026
(0.0, 1.0): 0.00051
(0.0, 2.0): 0.00046
(0.0, 3.0): 0.00082
(0.0, 4.0): 0.00102
(0.0, 5.0): 0.00119
(0.0, 6.0): 0.00142
(0.0, 7.0): 0.00177
(0.0, 8.0): 0.00231
(0.0, 9.0): 0.00308
(1.0, 0.0): 0.0002
(1.0, 1.0): 0.0005
(1.0, 2.0): 0.0006
(1.0, 3.0): 0.00065
(1.0, 4.0): 0.00083
(1.0, 5.0): 0.00093
(1.0, 6.0): 0.00127
(1.0, 7.0): 0.00177
(1.0, 8.0): 0.00268
(1.0, 9.0): 0.00513
(2.0, 0.0): 0.0002
(2.0, 1.0): 0.00039
(2.0, 2.0): 0.0005
(2.0, 3.0): 0.00058
(2.0, 4.0): 0.00074
(2.0, 5.0): 0.00098
(2.0, 6.0): 0.00145
(2.0, 7.0): 0.00208
(2.0, 8.0): 0.0033
(2.0, 9.0): 0.00664
(3.0, 0.0): 0.00025
(3.0, 1.0): 0.00038
(3.0, 2.0): 0.00048
(3.0, 3.0): 0.00071
(3.0, 4.0): 0.00099
(3.0, 5.0): 0.00104
(3.0, 6.0): 0.00153
(3.0, 7.0): 0.00272
(3.0, 8.0): 0.00456
(3.0, 9.0): 0.00901
(4.0, 0.0): 0.00034
(4.0, 1.0): 0.00041
(4.0, 2.0): 0.00052
(4.0, 3.0): 0.00054
(4.0, 4.0): 0.00081
(4.0, 5.0): 0.00123
(4.0, 6.0): 0.0021
(4.0, 7.0): 0.00394
(4.0, 8.0): 0.00671
(4.0, 9.0): 0.01372
(5.0, 0.0): 0.00025
(5.0, 1.0): 0.00044
(5.0, 2.0): 0.00047
(5.0, 3.0): 0.00045
(5.0, 4.0): 0.00078
(5.0, 5.0): 0.00149
(5.0, 6.0): 0.00248
(5.0, 7.0): 0.00556
(5.0, 8.0): 0.01085
(5.0, 9.0): 0.02162
(6.0, 0.0): 0.00037
(6.0, 1.0): 0.00038
(6.0, 2.0): 0.00046
(6.0, 3.0): 0.0007
(6.0, 4.0): 0.00107
(6.0, 5.0): 0.00211
(6.0, 6.0): 0.00393
(6.0, 7.0): 0.0079
(6.0, 8.0): 0.01731
(6.0, 9.0): 0.03597
(7.0, 0.0): 0.00029
(7.0, 1.0): 0.00049
(7.0, 2.0): 0.00068
(7.0, 3.0): 0.00092
(7.0, 4.0): 0.00132
(7.0, 5.0): 0.00242
(7.0, 6.0): 0.0058
(7.0, 7.0): 0.01273
(7.0, 8.0): 0.02965
(7.0, 9.0): 0.06491
(8.0, 0.0): 0.00019
(8.0, 1.0): 0.00048
(8.0, 2.0): 0.00075
(8.0, 3.0): 0.0009
(8.0, 4.0): 0.00154
(8.0, 5.0): 0.00325
(8.0, 6.0): 0.00808
(8.0, 7.0): 0.02049
(8.0, 8.0): 0.05346
(8.0, 9.0): 0.13134
(9.0, 0.0): 0.00026
(9.0, 1.0): 0.00052
(9.0, 2.0): 0.00079
(9.0, 3.0): 0.00092
(9.0, 4.0): 0.00159
(9.0, 5.0): 0.00374
(9.0, 6.0): 0.0096
(9.0, 7.0): 0.02951
(9.0, 8.0): 0.09357
(9.0, 9.0): 0.30897
-----------------------------------------------------------------------------------------

(0.0, 0.0): 7e-05
(0.0, 1.0): 0.00018
(0.0, 2.0): 0.00019
(0.0, 3.0): 0.00031
(0.0, 4.0): 0.00038
(0.0, 5.0): 0.00044
(0.0, 6.0): 0.00048
(0.0, 7.0): 0.00059
(0.0, 8.0): 0.00066
(0.0, 9.0): 0.00078
(1.0, 0.0): 3e-05
(1.0, 1.0): 0.00011
(1.0, 2.0): 0.00013
(1.0, 3.0): 0.00016
(1.0, 4.0): 0.00023
(1.0, 5.0): 0.00024
(1.0, 6.0): 0.00027
(1.0, 7.0): 0.00031
(1.0, 8.0): 0.00037
(1.0, 9.0): 0.00126
(2.0, 0.0): 7e-05
(2.0, 1.0): 0.00012
(2.0, 2.0): 0.00014
(2.0, 3.0): 0.00016
(2.0, 4.0): 0.00021
(2.0, 5.0): 0.00021
(2.0, 6.0): 0.00023
(2.0, 7.0): 0.00027
(2.0, 8.0): 0.00031
(2.0, 9.0): 0.00154
(3.0, 0.0): 7e-05
(3.0, 1.0): 0.00012
(3.0, 2.0): 0.00014
(3.0, 3.0): 0.00017
(3.0, 4.0): 0.00018
(3.0, 5.0): 0.00019
(3.0, 6.0): 0.00021
(3.0, 7.0): 0.00027
(3.0, 8.0): 0.00035
(3.0, 9.0): 0.0019
(4.0, 0.0): 9e-05
(4.0, 1.0): 0.0001
(4.0, 2.0): 0.00013
(4.0, 3.0): 0.00018
(4.0, 4.0): 0.00017
(4.0, 5.0): 0.00019
(4.0, 6.0): 0.00022
(4.0, 7.0): 0.00025
(4.0, 8.0): 0.00034
(4.0, 9.0): 0.00223
(5.0, 0.0): 3e-05
(5.0, 1.0): 0.0001
(5.0, 2.0): 0.00012
(5.0, 3.0): 0.00015
(5.0, 4.0): 0.00017
(5.0, 5.0): 0.00016
(5.0, 6.0): 0.0002
(5.0, 7.0): 0.00022
(5.0, 8.0): 0.00031
(5.0, 9.0): 0.0025
(6.0, 0.0): 0.00017
(6.0, 1.0): 0.0002
(6.0, 2.0): 0.00021
(6.0, 3.0): 0.00021
(6.0, 4.0): 0.00021
(6.0, 5.0): 0.00029
(6.0, 6.0): 0.0003
(6.0, 7.0): 0.00029
(6.0, 8.0): 0.00039
(6.0, 9.0): 0.00287
(7.0, 0.0): 7e-05
(7.0, 1.0): 0.0001
(7.0, 2.0): 0.00015
(7.0, 3.0): 0.00019
(7.0, 4.0): 0.00022
(7.0, 5.0): 0.00025
(7.0, 6.0): 0.00028
(7.0, 7.0): 0.00026
(7.0, 8.0): 0.00055
(7.0, 9.0): 0.00406
(8.0, 0.0): 3e-05
(8.0, 1.0): 6e-05
(8.0, 2.0): 0.0001
(8.0, 3.0): 0.00018
(8.0, 4.0): 0.00023
(8.0, 5.0): 0.00025
(8.0, 6.0): 0.00032
(8.0, 7.0): 0.00038
(8.0, 8.0): 0.00176
(8.0, 9.0): 0.02907
(9.0, 0.0): 5e-05
(9.0, 1.0): 0.00013
(9.0, 2.0): 0.00023
(9.0, 3.0): 0.00026
(9.0, 4.0): 0.00024
(9.0, 5.0): 0.0003
(9.0, 6.0): 0.00042
(9.0, 7.0): 0.00122
(9.0, 8.0): 0.02377
(9.0, 9.0): 0.90782
-----------------------------------------------------------------------------------------

Mismatch: 1.3064023544404133
-----------------------------------------------------------------------------------------

(0.0, 0.0): 0.0002589641434262948
(0.0, 1.0): 0.0005079681274900398
(0.0, 2.0): 0.0004581673306772908
(0.0, 3.0): 0.0008167330677290837
(0.0, 4.0): 0.0010159362549800796
(0.0, 5.0): 0.0011852589641434264
(0.0, 6.0): 0.0014243027888446215
(0.0, 7.0): 0.0017629482071713147
(0.0, 8.0): 0.0023107569721115538
(0.0, 9.0): 0.0030677290836653385
(1.0, 0.0): 0.00019920318725099602
(1.0, 1.0): 0.00049800796812749
(1.0, 2.0): 0.000597609561752988
(1.0, 3.0): 0.0006474103585657371
(1.0, 4.0): 0.0008266932270916335
(1.0, 5.0): 0.0009262948207171314
(1.0, 6.0): 0.0012649402390438247
(1.0, 7.0): 0.0017629482071713147
(1.0, 8.0): 0.0026792828685258964
(1.0, 9.0): 0.005109561752988048
(2.0, 0.0): 0.00019920318725099602
(2.0, 1.0): 0.0003884462151394422
(2.0, 2.0): 0.00049800796812749
(2.0, 3.0): 0.0005776892430278884
(2.0, 4.0): 0.0007370517928286853
(2.0, 5.0): 0.0009760956175298805
(2.0, 6.0): 0.001444223107569721
(2.0, 7.0): 0.0020717131474103584
(2.0, 8.0): 0.0032868525896414345
(2.0, 9.0): 0.006613545816733068
(3.0, 0.0): 0.000249003984063745
(3.0, 1.0): 0.0003784860557768924
(3.0, 2.0): 0.00047808764940239046
(3.0, 3.0): 0.0007071713147410359
(3.0, 4.0): 0.0009860557768924304
(3.0, 5.0): 0.0010358565737051792
(3.0, 6.0): 0.0015239043824701196
(3.0, 7.0): 0.0027191235059760956
(3.0, 8.0): 0.004541832669322709
(3.0, 9.0): 0.00897410358565737
(4.0, 0.0): 0.0003386454183266932
(4.0, 1.0): 0.00040836653386454183
(4.0, 2.0): 0.0005179282868525896
(4.0, 3.0): 0.0005378486055776893
(4.0, 4.0): 0.0008067729083665339
(4.0, 5.0): 0.0012350597609561754
(4.0, 6.0): 0.0020916334661354582
(4.0, 7.0): 0.003924302788844622
(4.0, 8.0): 0.006723107569721116
(4.0, 9.0): 0.013705179282868525
(5.0, 0.0): 0.000249003984063745
(5.0, 1.0): 0.00043824701195219125
(5.0, 2.0): 0.0004681274900398406
(5.0, 3.0): 0.00044820717131474104
(5.0, 4.0): 0.0007768924302788844
(5.0, 5.0): 0.0015139442231075697
(5.0, 6.0): 0.002470119521912351
(5.0, 7.0): 0.005537848605577689
(5.0, 8.0): 0.010886454183266931
(5.0, 9.0): 0.02154382470119522
(6.0, 0.0): 0.00036852589641434263
(6.0, 1.0): 0.0003784860557768924
(6.0, 2.0): 0.0004581673306772908
(6.0, 3.0): 0.0006972111553784861
(6.0, 4.0): 0.0010657370517928287
(6.0, 5.0): 0.002101593625498008
(6.0, 6.0): 0.0039442231075697215
(6.0, 7.0): 0.007898406374501992
(6.0, 8.0): 0.017280876494023906
(6.0, 9.0): 0.03591633466135458
(7.0, 0.0): 0.0002888446215139442
(7.0, 1.0): 0.00048804780876494024
(7.0, 2.0): 0.0006772908366533864
(7.0, 3.0): 0.0009163346613545817
(7.0, 4.0): 0.0013147410358565737
(7.0, 5.0): 0.0024203187250996018
(7.0, 6.0): 0.005786852589641434
(7.0, 7.0): 0.012729083665338646
(7.0, 8.0): 0.029691235059760956
(7.0, 9.0): 0.0649601593625498
(8.0, 0.0): 0.0001892430278884462
(8.0, 1.0): 0.00047808764940239046
(8.0, 2.0): 0.000747011952191235
(8.0, 3.0): 0.0008964143426294821
(8.0, 4.0): 0.0015438247011952191
(8.0, 5.0): 0.0032370517928286854
(8.0, 6.0): 0.008107569721115537
(8.0, 7.0): 0.020478087649402392
(8.0, 8.0): 0.053525896414342626
(8.0, 9.0): 0.13145418326693228
(9.0, 0.0): 0.0002589641434262948
(9.0, 1.0): 0.0005179282868525896
(9.0, 2.0): 0.0007868525896414343
(9.0, 3.0): 0.0009262948207171314
(9.0, 4.0): 0.0015936254980079682
(9.0, 5.0): 0.0037350597609561755
(9.0, 6.0): 0.009581673306772908
(9.0, 7.0): 0.02952191235059761
(9.0, 8.0): 0.09377490039840637
(9.0, 9.0): 0.3089342629482072
-----------------------------------------------------------------------------------------

(0.0, 0.0): 6.972111553784861e-05
(0.0, 1.0): 0.00017928286852589642
(0.0, 2.0): 0.0001892430278884462
(0.0, 3.0): 0.00030876494023904385
(0.0, 4.0): 0.0003784860557768924
(0.0, 5.0): 0.00043824701195219125
(0.0, 6.0): 0.00047808764940239046
(0.0, 7.0): 0.0005876494023904382
(0.0, 8.0): 0.0006573705179282868
(0.0, 9.0): 0.0007768924302788844
(1.0, 0.0): 2.9880478087649403e-05
(1.0, 1.0): 0.00010956175298804781
(1.0, 2.0): 0.0001294820717131474
(1.0, 3.0): 0.00015936254980079682
(1.0, 4.0): 0.0002290836653386454
(1.0, 5.0): 0.00023904382470119523
(1.0, 6.0): 0.00026892430278884465
(1.0, 7.0): 0.00030876494023904385
(1.0, 8.0): 0.00036852589641434263
(1.0, 9.0): 0.001254980079681275
(2.0, 0.0): 6.972111553784861e-05
(2.0, 1.0): 0.00011952191235059761
(2.0, 2.0): 0.00013944223107569722
(2.0, 3.0): 0.00015936254980079682
(2.0, 4.0): 0.0002091633466135458
(2.0, 5.0): 0.0002091633466135458
(2.0, 6.0): 0.0002290836653386454
(2.0, 7.0): 0.00026892430278884465
(2.0, 8.0): 0.00030876494023904385
(2.0, 9.0): 0.0015338645418326692
(3.0, 0.0): 6.972111553784861e-05
(3.0, 1.0): 0.00011952191235059761
(3.0, 2.0): 0.00013944223107569722
(3.0, 3.0): 0.0001693227091633466
(3.0, 4.0): 0.00017928286852589642
(3.0, 5.0): 0.0001892430278884462
(3.0, 6.0): 0.0002091633466135458
(3.0, 7.0): 0.00026892430278884465
(3.0, 8.0): 0.00034860557768924305
(3.0, 9.0): 0.0018924302788844622
(4.0, 0.0): 8.964143426294821e-05
(4.0, 1.0): 9.960159362549801e-05
(4.0, 2.0): 0.0001294820717131474
(4.0, 3.0): 0.00017928286852589642
(4.0, 4.0): 0.0001693227091633466
(4.0, 5.0): 0.0001892430278884462
(4.0, 6.0): 0.00021912350597609563
(4.0, 7.0): 0.000249003984063745
(4.0, 8.0): 0.0003386454183266932
(4.0, 9.0): 0.0022211155378486056
(5.0, 0.0): 2.9880478087649403e-05
(5.0, 1.0): 9.960159362549801e-05
(5.0, 2.0): 0.00011952191235059761
(5.0, 3.0): 0.000149402390438247
(5.0, 4.0): 0.0001693227091633466
(5.0, 5.0): 0.00015936254980079682
(5.0, 6.0): 0.00019920318725099602
(5.0, 7.0): 0.00021912350597609563
(5.0, 8.0): 0.00030876494023904385
(5.0, 9.0): 0.00249003984063745
(6.0, 0.0): 0.0001693227091633466
(6.0, 1.0): 0.00019920318725099602
(6.0, 2.0): 0.0002091633466135458
(6.0, 3.0): 0.0002091633466135458
(6.0, 4.0): 0.0002091633466135458
(6.0, 5.0): 0.0002888446215139442
(6.0, 6.0): 0.000298804780876494
(6.0, 7.0): 0.0002888446215139442
(6.0, 8.0): 0.0003884462151394422
(6.0, 9.0): 0.002858565737051793
(7.0, 0.0): 6.972111553784861e-05
(7.0, 1.0): 9.960159362549801e-05
(7.0, 2.0): 0.000149402390438247
(7.0, 3.0): 0.0001892430278884462
(7.0, 4.0): 0.00021912350597609563
(7.0, 5.0): 0.000249003984063745
(7.0, 6.0): 0.00027888446215139443
(7.0, 7.0): 0.0002589641434262948
(7.0, 8.0): 0.0005478087649402391
(7.0, 9.0): 0.004043824701195219
(8.0, 0.0): 2.9880478087649403e-05
(8.0, 1.0): 5.976095617529881e-05
(8.0, 2.0): 9.960159362549801e-05
(8.0, 3.0): 0.00017928286852589642
(8.0, 4.0): 0.0002290836653386454
(8.0, 5.0): 0.000249003984063745
(8.0, 6.0): 0.00031872509960159364
(8.0, 7.0): 0.0003784860557768924
(8.0, 8.0): 0.001752988047808765
(8.0, 9.0): 0.029073705179282868
(9.0, 0.0): 4.9800796812749006e-05
(9.0, 1.0): 0.0001294820717131474
(9.0, 2.0): 0.0002290836653386454
(9.0, 3.0): 0.0002589641434262948
(9.0, 4.0): 0.00023904382470119523
(9.0, 5.0): 0.000298804780876494
(9.0, 6.0): 0.0004183266932270916
(9.0, 7.0): 0.0012151394422310756
(9.0, 8.0): 0.023764940239043825
(9.0, 9.0): 0.9079780876494024
-----------------------------------------------------------------------------------------

Mismatch: 1.3064023544404133
