(0.0, 0.0): 6e-05
(0.0, 1.0): 0.00015
(0.0, 2.0): 0.00025
(0.0, 3.0): 0.00044
(0.0, 4.0): 0.00056
(0.0, 5.0): 0.00056
(0.0, 6.0): 0.0008
(0.0, 7.0): 0.00089
(0.0, 8.0): 0.00123
(0.0, 9.0): 0.00195
(1.0, 0.0): 0.00011
(1.0, 1.0): 0.00024
(1.0, 2.0): 0.00035
(1.0, 3.0): 0.00051
(1.0, 4.0): 0.00059
(1.0, 5.0): 0.00059
(1.0, 6.0): 0.00084
(1.0, 7.0): 0.00123
(1.0, 8.0): 0.00192
(1.0, 9.0): 0.0037
(2.0, 0.0): 0.00014
(2.0, 1.0): 0.00026
(2.0, 2.0): 0.00041
(2.0, 3.0): 0.00063
(2.0, 4.0): 0.00064
(2.0, 5.0): 0.00077
(2.0, 6.0): 0.00121
(2.0, 7.0): 0.00174
(2.0, 8.0): 0.00286
(2.0, 9.0): 0.00503
(3.0, 0.0): 0.00014
(3.0, 1.0): 0.00024
(3.0, 2.0): 0.00045
(3.0, 3.0): 0.00067
(3.0, 4.0): 0.00091
(3.0, 5.0): 0.00097
(3.0, 6.0): 0.00141
(3.0, 7.0): 0.00239
(3.0, 8.0): 0.00375
(3.0, 9.0): 0.00695
(4.0, 0.0): 8e-05
(4.0, 1.0): 0.00017
(4.0, 2.0): 0.00034
(4.0, 3.0): 0.00031
(4.0, 4.0): 0.00057
(4.0, 5.0): 0.00118
(4.0, 6.0): 0.00218
(4.0, 7.0): 0.00386
(4.0, 8.0): 0.00627
(4.0, 9.0): 0.01217
(5.0, 0.0): 9e-05
(5.0, 1.0): 0.00017
(5.0, 2.0): 0.00036
(5.0, 3.0): 0.00041
(5.0, 4.0): 0.00087
(5.0, 5.0): 0.00152
(5.0, 6.0): 0.00278
(5.0, 7.0): 0.00576
(5.0, 8.0): 0.01034
(5.0, 9.0): 0.02095
(6.0, 0.0): 0.0002
(6.0, 1.0): 0.00021
(6.0, 2.0): 0.00032
(6.0, 3.0): 0.00051
(6.0, 4.0): 0.00089
(6.0, 5.0): 0.0019
(6.0, 6.0): 0.00415
(6.0, 7.0): 0.00856
(6.0, 8.0): 0.01769
(6.0, 9.0): 0.03577
(7.0, 0.0): 0.00014
(7.0, 1.0): 0.00021
(7.0, 2.0): 0.0004
(7.0, 3.0): 0.00062
(7.0, 4.0): 0.00121
(7.0, 5.0): 0.00253
(7.0, 6.0): 0.00585
(7.0, 7.0): 0.01319
(7.0, 8.0): 0.03053
(7.0, 9.0): 0.06632
(8.0, 0.0): 0.00016
(8.0, 1.0): 0.00021
(8.0, 2.0): 0.00032
(8.0, 3.0): 0.00057
(8.0, 4.0): 0.00129
(8.0, 5.0): 0.00319
(8.0, 6.0): 0.0084
(8.0, 7.0): 0.02145
(8.0, 8.0): 0.05553
(8.0, 9.0): 0.13529
(9.0, 0.0): 0.0002
(9.0, 1.0): 0.00044
(9.0, 2.0): 0.00048
(9.0, 3.0): 0.00067
(9.0, 4.0): 0.00136
(9.0, 5.0): 0.00358
(9.0, 6.0): 0.00994
(9.0, 7.0): 0.03071
(9.0, 8.0): 0.09686
(9.0, 9.0): 0.31923
-----------------------------------------------------------------------------------------

(0.0, 1.0): 1e-05
(0.0, 2.0): 5e-05
(0.0, 3.0): 0.00011
(0.0, 4.0): 0.00016
(0.0, 5.0): 0.00015
(0.0, 6.0): 0.0002
(0.0, 7.0): 0.00022
(0.0, 8.0): 0.0002
(0.0, 9.0): 0.00027
(1.0, 0.0): 3e-05
(1.0, 1.0): 7e-05
(1.0, 2.0): 0.0001
(1.0, 3.0): 0.00014
(1.0, 4.0): 0.0002
(1.0, 5.0): 0.00021
(1.0, 6.0): 0.00022
(1.0, 7.0): 0.00024
(1.0, 8.0): 0.00025
(1.0, 9.0): 0.00055
(2.0, 0.0): 2e-05
(2.0, 1.0): 5e-05
(2.0, 2.0): 0.0001
(2.0, 3.0): 0.00014
(2.0, 4.0): 0.00016
(2.0, 5.0): 0.00017
(2.0, 6.0): 0.0002
(2.0, 7.0): 0.00022
(2.0, 8.0): 0.00026
(2.0, 9.0): 0.00084
(3.0, 0.0): 3e-05
(3.0, 1.0): 5e-05
(3.0, 2.0): 8e-05
(3.0, 3.0): 0.00011
(3.0, 4.0): 0.0001
(3.0, 5.0): 0.00014
(3.0, 6.0): 0.00018
(3.0, 7.0): 0.00023
(3.0, 8.0): 0.00029
(3.0, 9.0): 0.00121
(4.0, 0.0): 4e-05
(4.0, 1.0): 6e-05
(4.0, 2.0): 0.0001
(4.0, 3.0): 0.00016
(4.0, 4.0): 0.00019
(4.0, 5.0): 0.00024
(4.0, 6.0): 0.00028
(4.0, 7.0): 0.00032
(4.0, 8.0): 0.0003
(4.0, 9.0): 0.0015
(5.0, 0.0): 2e-05
(5.0, 1.0): 4e-05
(5.0, 2.0): 8e-05
(5.0, 3.0): 0.00014
(5.0, 4.0): 0.00018
(5.0, 5.0): 0.00021
(5.0, 6.0): 0.00026
(5.0, 7.0): 0.00031
(5.0, 8.0): 0.00041
(5.0, 9.0): 0.00201
(6.0, 0.0): 3e-05
(6.0, 1.0): 4e-05
(6.0, 2.0): 9e-05
(6.0, 3.0): 0.00015
(6.0, 4.0): 0.00015
(6.0, 5.0): 0.00018
(6.0, 6.0): 0.00023
(6.0, 7.0): 0.00027
(6.0, 8.0): 0.00044
(6.0, 9.0): 0.00243
(7.0, 0.0): 2e-05
(7.0, 1.0): 3e-05
(7.0, 2.0): 5e-05
(7.0, 3.0): 0.00013
(7.0, 4.0): 0.00023
(7.0, 5.0): 0.00036
(7.0, 6.0): 0.00037
(7.0, 7.0): 0.00045
(7.0, 8.0): 0.00068
(7.0, 9.0): 0.00358
(8.0, 0.0): 4e-05
(8.0, 1.0): 6e-05
(8.0, 2.0): 0.00013
(8.0, 3.0): 0.00017
(8.0, 4.0): 0.00022
(8.0, 5.0): 0.00025
(8.0, 6.0): 0.00033
(8.0, 7.0): 0.00045
(8.0, 8.0): 0.00189
(8.0, 9.0): 0.02916
(9.0, 0.0): 3e-05
(9.0, 1.0): 6e-05
(9.0, 2.0): 0.00011
(9.0, 3.0): 0.00013
(9.0, 4.0): 0.00019
(9.0, 5.0): 0.00026
(9.0, 6.0): 0.00039
(9.0, 7.0): 0.00113
(9.0, 8.0): 0.02391
(9.0, 9.0): 0.91637
-----------------------------------------------------------------------------------------

Mismatch: 1.3209395557937766
-----------------------------------------------------------------------------------------

(0.0, 0.0): 5.976095617529881e-05
(0.0, 1.0): 0.000149402390438247
(0.0, 2.0): 0.000249003984063745
(0.0, 3.0): 0.00043824701195219125
(0.0, 4.0): 0.0005577689243027889
(0.0, 5.0): 0.0005577689243027889
(0.0, 6.0): 0.0008067729083665339
(0.0, 7.0): 0.0008864541832669323
(0.0, 8.0): 0.0012350597609561754
(0.0, 9.0): 0.001942231075697211
(1.0, 0.0): 0.00010956175298804781
(1.0, 1.0): 0.00023904382470119523
(1.0, 2.0): 0.00034860557768924305
(1.0, 3.0): 0.0005079681274900398
(1.0, 4.0): 0.0005876494023904382
(1.0, 5.0): 0.0005876494023904382
(1.0, 6.0): 0.0008366533864541832
(1.0, 7.0): 0.0012250996015936255
(1.0, 8.0): 0.0019223107569721115
(1.0, 9.0): 0.0036852589641434264
(2.0, 0.0): 0.00013944223107569722
(2.0, 1.0): 0.0002589641434262948
(2.0, 2.0): 0.00040836653386454183
(2.0, 3.0): 0.0006274900398406375
(2.0, 4.0): 0.0006374501992031873
(2.0, 5.0): 0.0007669322709163346
(2.0, 6.0): 0.001205179282868526
(2.0, 7.0): 0.0017330677290836654
(2.0, 8.0): 0.002848605577689243
(2.0, 9.0): 0.00500996015936255
(3.0, 0.0): 0.00013944223107569722
(3.0, 1.0): 0.00023904382470119523
(3.0, 2.0): 0.00044820717131474104
(3.0, 3.0): 0.0006673306772908366
(3.0, 4.0): 0.0009063745019920319
(3.0, 5.0): 0.0009661354581673307
(3.0, 6.0): 0.001404382470119522
(3.0, 7.0): 0.002390438247011952
(3.0, 8.0): 0.0037350597609561755
(3.0, 9.0): 0.006922310756972112
(4.0, 0.0): 7.968127490039841e-05
(4.0, 1.0): 0.0001693227091633466
(4.0, 2.0): 0.0003386454183266932
(4.0, 3.0): 0.00030876494023904385
(4.0, 4.0): 0.0005677290836653387
(4.0, 5.0): 0.0011852589641434264
(4.0, 6.0): 0.0021713147410358565
(4.0, 7.0): 0.003844621513944223
(4.0, 8.0): 0.0062848605577689245
(4.0, 9.0): 0.012161354581673306
(5.0, 0.0): 8.964143426294821e-05
(5.0, 1.0): 0.0001693227091633466
(5.0, 2.0): 0.00035856573705179284
(5.0, 3.0): 0.00040836653386454183
(5.0, 4.0): 0.0008665338645418327
(5.0, 5.0): 0.0015438247011952191
(5.0, 6.0): 0.0027689243027888446
(5.0, 7.0): 0.0057370517928286855
(5.0, 8.0): 0.010378486055776893
(5.0, 9.0): 0.02087649402390438
(6.0, 0.0): 0.00019920318725099602
(6.0, 1.0): 0.0002091633466135458
(6.0, 2.0): 0.00031872509960159364
(6.0, 3.0): 0.0005079681274900398
(6.0, 4.0): 0.0008864541832669323
(6.0, 5.0): 0.0018924302788844622
(6.0, 6.0): 0.004163346613545817
(6.0, 7.0): 0.008555776892430278
(6.0, 8.0): 0.017659362549800797
(6.0, 9.0): 0.03571713147410359
(7.0, 0.0): 0.00013944223107569722
(7.0, 1.0): 0.0002091633466135458
(7.0, 2.0): 0.00039840637450199205
(7.0, 3.0): 0.0006175298804780877
(7.0, 4.0): 0.001205179282868526
(7.0, 5.0): 0.0025298804780876493
(7.0, 6.0): 0.0058366533864541836
(7.0, 7.0): 0.013187250996015936
(7.0, 8.0): 0.03056772908366534
(7.0, 9.0): 0.06636454183266932
(8.0, 0.0): 0.00015936254980079682
(8.0, 1.0): 0.0002091633466135458
(8.0, 2.0): 0.00031872509960159364
(8.0, 3.0): 0.0005677290836653387
(8.0, 4.0): 0.0012948207171314741
(8.0, 5.0): 0.0031772908366533865
(8.0, 6.0): 0.008426294820717132
(8.0, 7.0): 0.02143426294820717
(8.0, 8.0): 0.055587649402390436
(8.0, 9.0): 0.13538844621513943
(9.0, 0.0): 0.00019920318725099602
(9.0, 1.0): 0.00043824701195219125
(9.0, 2.0): 0.00047808764940239046
(9.0, 3.0): 0.0006772908366533864
(9.0, 4.0): 0.0013645418326693227
(9.0, 5.0): 0.0035756972111553784
(9.0, 6.0): 0.009920318725099601
(9.0, 7.0): 0.030717131474103584
(9.0, 8.0): 0.09705179282868526
(9.0, 9.0): 0.3191533864541833
-----------------------------------------------------------------------------------------

(0.0, 1.0): 9.960159362549801e-06
(0.0, 2.0): 4.9800796812749006e-05
(0.0, 3.0): 0.00010956175298804781
(0.0, 4.0): 0.00015936254980079682
(0.0, 5.0): 0.000149402390438247
(0.0, 6.0): 0.00019920318725099602
(0.0, 7.0): 0.00021912350597609563
(0.0, 8.0): 0.00019920318725099602
(0.0, 9.0): 0.00026892430278884465
(1.0, 0.0): 2.9880478087649403e-05
(1.0, 1.0): 6.972111553784861e-05
(1.0, 2.0): 9.960159362549801e-05
(1.0, 3.0): 0.00013944223107569722
(1.0, 4.0): 0.00019920318725099602
(1.0, 5.0): 0.0002091633466135458
(1.0, 6.0): 0.00021912350597609563
(1.0, 7.0): 0.00023904382470119523
(1.0, 8.0): 0.000249003984063745
(1.0, 9.0): 0.0005478087649402391
(2.0, 0.0): 1.9920318725099602e-05
(2.0, 1.0): 4.9800796812749006e-05
(2.0, 2.0): 9.960159362549801e-05
(2.0, 3.0): 0.00013944223107569722
(2.0, 4.0): 0.00015936254980079682
(2.0, 5.0): 0.0001693227091633466
(2.0, 6.0): 0.00019920318725099602
(2.0, 7.0): 0.00021912350597609563
(2.0, 8.0): 0.0002589641434262948
(2.0, 9.0): 0.0008366533864541832
(3.0, 0.0): 2.9880478087649403e-05
(3.0, 1.0): 4.9800796812749006e-05
(3.0, 2.0): 7.968127490039841e-05
(3.0, 3.0): 0.00010956175298804781
(3.0, 4.0): 9.960159362549801e-05
(3.0, 5.0): 0.00013944223107569722
(3.0, 6.0): 0.00017928286852589642
(3.0, 7.0): 0.0002290836653386454
(3.0, 8.0): 0.0002888446215139442
(3.0, 9.0): 0.001205179282868526
(4.0, 0.0): 3.9840637450199205e-05
(4.0, 1.0): 5.976095617529881e-05
(4.0, 2.0): 9.960159362549801e-05
(4.0, 3.0): 0.00015936254980079682
(4.0, 4.0): 0.0001892430278884462
(4.0, 5.0): 0.00023904382470119523
(4.0, 6.0): 0.00027888446215139443
(4.0, 7.0): 0.00031872509960159364
(4.0, 8.0): 0.000298804780876494
(4.0, 9.0): 0.00149402390438247
(5.0, 0.0): 1.9920318725099602e-05
(5.0, 1.0): 3.9840637450199205e-05
(5.0, 2.0): 7.968127490039841e-05
(5.0, 3.0): 0.00013944223107569722
(5.0, 4.0): 0.00017928286852589642
(5.0, 5.0): 0.0002091633466135458
(5.0, 6.0): 0.0002589641434262948
(5.0, 7.0): 0.00030876494023904385
(5.0, 8.0): 0.00040836653386454183
(5.0, 9.0): 0.00200199203187251
(6.0, 0.0): 2.9880478087649403e-05
(6.0, 1.0): 3.9840637450199205e-05
(6.0, 2.0): 8.964143426294821e-05
(6.0, 3.0): 0.000149402390438247
(6.0, 4.0): 0.000149402390438247
(6.0, 5.0): 0.00017928286852589642
(6.0, 6.0): 0.0002290836653386454
(6.0, 7.0): 0.00026892430278884465
(6.0, 8.0): 0.00043824701195219125
(6.0, 9.0): 0.0024203187250996018
(7.0, 0.0): 1.9920318725099602e-05
(7.0, 1.0): 2.9880478087649403e-05
(7.0, 2.0): 4.9800796812749006e-05
(7.0, 3.0): 0.0001294820717131474
(7.0, 4.0): 0.0002290836653386454
(7.0, 5.0): 0.00035856573705179284
(7.0, 6.0): 0.00036852589641434263
(7.0, 7.0): 0.00044820717131474104
(7.0, 8.0): 0.0006772908366533864
(7.0, 9.0): 0.0035657370517928285
(8.0, 0.0): 3.9840637450199205e-05
(8.0, 1.0): 5.976095617529881e-05
(8.0, 2.0): 0.0001294820717131474
(8.0, 3.0): 0.0001693227091633466
(8.0, 4.0): 0.00021912350597609563
(8.0, 5.0): 0.000249003984063745
(8.0, 6.0): 0.0003286852589641434
(8.0, 7.0): 0.00044820717131474104
(8.0, 8.0): 0.0018824701195219124
(8.0, 9.0): 0.029163346613545818
(9.0, 0.0): 2.9880478087649403e-05
(9.0, 1.0): 5.976095617529881e-05
(9.0, 2.0): 0.00010956175298804781
(9.0, 3.0): 0.0001294820717131474
(9.0, 4.0): 0.0001892430278884462
(9.0, 5.0): 0.0002589641434262948
(9.0, 6.0): 0.0003884462151394422
(9.0, 7.0): 0.0011254980079681274
(9.0, 8.0): 0.02390438247011952
(9.0, 9.0): 0.9164940239043825
-----------------------------------------------------------------------------------------

Mismatch: 1.3209395557937766
