(2.0, 8.0): 0.08
(2.0, 9.0): 0.04
(3.0, 6.0): 0.04
(3.0, 7.0): 0.04
(3.0, 8.0): 0.12
(3.0, 9.0): 0.04
(4.0, 9.0): 0.04
(5.0, 0.0): 0.04
(5.0, 1.0): 0.08
(5.0, 2.0): 0.04
(6.0, 1.0): 0.04
(6.0, 3.0): 0.04
(6.0, 4.0): 0.04
(6.0, 5.0): 0.04
(6.0, 6.0): 0.04
(6.0, 7.0): 0.04
(9.0, 2.0): 0.08
(9.0, 3.0): 0.04
(9.0, 4.0): 0.04
(9.0, 5.0): 0.04
-----------------------------------------------------------------------------------------

(3.0, 6.0): 0.04
(3.0, 7.0): 0.04
(3.0, 8.0): 0.08
(3.0, 9.0): 0.08
(4.0, 9.0): 0.08
(5.0, 0.0): 0.04
(5.0, 1.0): 0.04
(5.0, 2.0): 0.04
(5.0, 3.0): 0.04
(5.0, 4.0): 0.04
(5.0, 9.0): 0.04
(6.0, 3.0): 0.04
(6.0, 4.0): 0.04
(6.0, 5.0): 0.04
(6.0, 6.0): 0.04
(6.0, 7.0): 0.04
(6.0, 9.0): 0.04
(9.0, 2.0): 0.04
(9.0, 3.0): 0.04
(9.0, 4.0): 0.04
(9.0, 5.0): 0.04
(9.0, 6.0): 0.04
-----------------------------------------------------------------------------------------

Mismatch: 3.328675378674131
-----------------------------------------------------------------------------------------

(2.0, 8.0): 0.06666666666666667
(2.0, 9.0): 0.03333333333333333
(3.0, 6.0): 0.03333333333333333
(3.0, 7.0): 0.03333333333333333
(3.0, 8.0): 0.1
(3.0, 9.0): 0.06666666666666667
(4.0, 2.0): 0.03333333333333333
(4.0, 9.0): 0.03333333333333333
(5.0, 0.0): 0.03333333333333333
(5.0, 1.0): 0.06666666666666667
(5.0, 2.0): 0.03333333333333333
(5.0, 9.0): 0.03333333333333333
(6.0, 1.0): 0.03333333333333333
(6.0, 3.0): 0.03333333333333333
(6.0, 4.0): 0.03333333333333333
(6.0, 5.0): 0.03333333333333333
(6.0, 6.0): 0.06666666666666667
(6.0, 7.0): 0.03333333333333333
(9.0, 2.0): 0.06666666666666667
(9.0, 3.0): 0.03333333333333333
(9.0, 4.0): 0.03333333333333333
(9.0, 5.0): 0.03333333333333333
(9.0, 6.0): 0.03333333333333333
-----------------------------------------------------------------------------------------

(3.0, 6.0): 0.03333333333333333
(3.0, 7.0): 0.03333333333333333
(3.0, 8.0): 0.06666666666666667
(3.0, 9.0): 0.06666666666666667
(4.0, 9.0): 0.06666666666666667
(5.0, 0.0): 0.03333333333333333
(5.0, 1.0): 0.03333333333333333
(5.0, 2.0): 0.03333333333333333
(5.0, 3.0): 0.03333333333333333
(5.0, 4.0): 0.03333333333333333
(5.0, 5.0): 0.03333333333333333
(5.0, 9.0): 0.06666666666666667
(6.0, 3.0): 0.03333333333333333
(6.0, 4.0): 0.03333333333333333
(6.0, 5.0): 0.03333333333333333
(6.0, 6.0): 0.03333333333333333
(6.0, 7.0): 0.03333333333333333
(6.0, 8.0): 0.03333333333333333
(6.0, 9.0): 0.03333333333333333
(7.0, 9.0): 0.03333333333333333
(9.0, 2.0): 0.03333333333333333
(9.0, 3.0): 0.03333333333333333
(9.0, 4.0): 0.03333333333333333
(9.0, 5.0): 0.03333333333333333
(9.0, 6.0): 0.03333333333333333
(9.0, 7.0): 0.03333333333333333
-----------------------------------------------------------------------------------------

Mismatch: 3.328675378674131
