(0.0, 0.0): 0.00309
(0.0, 1.0): 0.00501
(0.0, 2.0): 0.00494
(0.0, 3.0): 0.00492
(0.0, 4.0): 0.00459
(0.0, 5.0): 0.00412
(0.0, 6.0): 0.00409
(0.0, 7.0): 0.00399
(0.0, 8.0): 0.00437
(0.0, 9.0): 0.00563
(1.0, 0.0): 0.00283
(1.0, 1.0): 0.0047
(1.0, 2.0): 0.00443
(1.0, 3.0): 0.00405
(1.0, 4.0): 0.00376
(1.0, 5.0): 0.00326
(1.0, 6.0): 0.00366
(1.0, 7.0): 0.00437
(1.0, 8.0): 0.00551
(1.0, 9.0): 0.00885
(2.0, 0.0): 0.00103
(2.0, 1.0): 0.00185
(2.0, 2.0): 0.00226
(2.0, 3.0): 0.0026
(2.0, 4.0): 0.00262
(2.0, 5.0): 0.00275
(2.0, 6.0): 0.00317
(2.0, 7.0): 0.00416
(2.0, 8.0): 0.00572
(2.0, 9.0): 0.01121
(3.0, 0.0): 0.0004
(3.0, 1.0): 0.00079
(3.0, 2.0): 0.00121
(3.0, 3.0): 0.00156
(3.0, 4.0): 0.00183
(3.0, 5.0): 0.00194
(3.0, 6.0): 0.0025
(3.0, 7.0): 0.00396
(3.0, 8.0): 0.00644
(3.0, 9.0): 0.01371
(4.0, 0.0): 9e-05
(4.0, 1.0): 0.0003
(4.0, 2.0): 0.00059
(4.0, 3.0): 0.00059
(4.0, 4.0): 0.00084
(4.0, 5.0): 0.00133
(4.0, 6.0): 0.00223
(4.0, 7.0): 0.00418
(4.0, 8.0): 0.00791
(4.0, 9.0): 0.01776
(5.0, 0.0): 4e-05
(5.0, 1.0): 0.00017
(5.0, 2.0): 0.00022
(5.0, 3.0): 0.00035
(5.0, 4.0): 0.00054
(5.0, 5.0): 0.00125
(5.0, 6.0): 0.00264
(5.0, 7.0): 0.00542
(5.0, 8.0): 0.01114
(5.0, 9.0): 0.0241
(6.0, 1.0): 4e-05
(6.0, 2.0): 0.0001
(6.0, 3.0): 0.00024
(6.0, 4.0): 0.00048
(6.0, 5.0): 0.0014
(6.0, 6.0): 0.00345
(6.0, 7.0): 0.00711
(6.0, 8.0): 0.01618
(6.0, 9.0): 0.03433
(7.0, 1.0): 1e-05
(7.0, 2.0): 7e-05
(7.0, 3.0): 0.00018
(7.0, 4.0): 0.00053
(7.0, 5.0): 0.00164
(7.0, 6.0): 0.00454
(7.0, 7.0): 0.01089
(7.0, 8.0): 0.0267
(7.0, 9.0): 0.05971
(8.0, 1.0): 1e-05
(8.0, 2.0): 7e-05
(8.0, 3.0): 0.00026
(8.0, 4.0): 0.00066
(8.0, 5.0): 0.00211
(8.0, 6.0): 0.00641
(8.0, 7.0): 0.01779
(8.0, 8.0): 0.04773
(8.0, 9.0): 0.11837
(9.0, 0.0): 4e-05
(9.0, 1.0): 5e-05
(9.0, 2.0): 8e-05
(9.0, 3.0): 0.00019
(9.0, 4.0): 0.00076
(9.0, 5.0): 0.00246
(9.0, 6.0): 0.00769
(9.0, 7.0): 0.02582
(9.0, 8.0): 0.08303
(9.0, 9.0): 0.2753
-----------------------------------------------------------------------------------------

(0.0, 0.0): 0.00098
(0.0, 1.0): 0.0021
(0.0, 2.0): 0.00214
(0.0, 3.0): 0.00216
(0.0, 4.0): 0.00216
(0.0, 5.0): 0.00213
(0.0, 6.0): 0.00217
(0.0, 7.0): 0.0022
(0.0, 8.0): 0.00222
(0.0, 9.0): 0.0023
(1.0, 0.0): 0.00101
(1.0, 1.0): 0.00222
(1.0, 2.0): 0.00212
(1.0, 3.0): 0.002
(1.0, 4.0): 0.00199
(1.0, 5.0): 0.00186
(1.0, 6.0): 0.0018
(1.0, 7.0): 0.00177
(1.0, 8.0): 0.0018
(1.0, 9.0): 0.00392
(2.0, 0.0): 1e-05
(2.0, 1.0): 7e-05
(2.0, 2.0): 0.00019
(2.0, 3.0): 0.00024
(2.0, 4.0): 0.00031
(2.0, 5.0): 0.00033
(2.0, 6.0): 0.00035
(2.0, 7.0): 0.00039
(2.0, 8.0): 0.00052
(2.0, 9.0): 0.00431
(3.0, 2.0): 2e-05
(3.0, 3.0): 2e-05
(3.0, 4.0): 3e-05
(3.0, 5.0): 5e-05
(3.0, 6.0): 5e-05
(3.0, 7.0): 9e-05
(3.0, 8.0): 0.00023
(3.0, 9.0): 0.0045
(4.0, 7.0): 1e-05
(4.0, 8.0): 0.00015
(4.0, 9.0): 0.00446
(5.0, 7.0): 1e-05
(5.0, 8.0): 0.00014
(5.0, 9.0): 0.00443
(6.0, 7.0): 1e-05
(6.0, 8.0): 0.00014
(6.0, 9.0): 0.00448
(7.0, 8.0): 0.00016
(7.0, 9.0): 0.00486
(8.0, 7.0): 3e-05
(8.0, 8.0): 0.00138
(8.0, 9.0): 0.02877
(9.0, 6.0): 2e-05
(9.0, 7.0): 0.00066
(9.0, 8.0): 0.02238
(9.0, 9.0): 0.87515
-----------------------------------------------------------------------------------------

Mismatch: 2.143289314393846
-----------------------------------------------------------------------------------------

(0.0, 0.0): 0.0030776892430278884
(0.0, 1.0): 0.00499003984063745
(0.0, 2.0): 0.004920318725099602
(0.0, 3.0): 0.004900398406374502
(0.0, 4.0): 0.004571713147410359
(0.0, 5.0): 0.004103585657370518
(0.0, 6.0): 0.004083665338645418
(0.0, 7.0): 0.00397410358565737
(0.0, 8.0): 0.004362549800796813
(0.0, 9.0): 0.005607569721115538
(1.0, 0.0): 0.0028187250996015937
(1.0, 1.0): 0.004681274900398406
(1.0, 2.0): 0.0044123505976095614
(1.0, 3.0): 0.00403386454183267
(1.0, 4.0): 0.003745019920318725
(1.0, 5.0): 0.003247011952191235
(1.0, 6.0): 0.0036454183266932273
(1.0, 7.0): 0.004352589641434263
(1.0, 8.0): 0.00549800796812749
(1.0, 9.0): 0.008814741035856574
(2.0, 0.0): 0.0010258964143426295
(2.0, 1.0): 0.0018426294820717132
(2.0, 2.0): 0.002250996015936255
(2.0, 3.0): 0.0025896414342629482
(2.0, 4.0): 0.0026095617529880476
(2.0, 5.0): 0.0027390438247011954
(2.0, 6.0): 0.0031573705179282867
(2.0, 7.0): 0.004143426294820717
(2.0, 8.0): 0.005697211155378486
(2.0, 9.0): 0.011165338645418327
(3.0, 0.0): 0.00039840637450199205
(3.0, 1.0): 0.0007868525896414343
(3.0, 2.0): 0.001205179282868526
(3.0, 3.0): 0.0015537848605577688
(3.0, 4.0): 0.0018227091633466136
(3.0, 5.0): 0.0019322709163346614
(3.0, 6.0): 0.00249003984063745
(3.0, 7.0): 0.0039541832669322706
(3.0, 8.0): 0.0064143426294820715
(3.0, 9.0): 0.013655378486055776
(4.0, 0.0): 8.964143426294821e-05
(4.0, 1.0): 0.000298804780876494
(4.0, 2.0): 0.0005876494023904382
(4.0, 3.0): 0.0005876494023904382
(4.0, 4.0): 0.0008366533864541832
(4.0, 5.0): 0.0013346613545816733
(4.0, 6.0): 0.0022211155378486056
(4.0, 7.0): 0.004163346613545817
(4.0, 8.0): 0.007918326693227092
(4.0, 9.0): 0.017729083665338645
(5.0, 0.0): 3.9840637450199205e-05
(5.0, 1.0): 0.0001693227091633466
(5.0, 2.0): 0.00021912350597609563
(5.0, 3.0): 0.00034860557768924305
(5.0, 4.0): 0.0005378486055776893
(5.0, 5.0): 0.0012749003984063745
(5.0, 6.0): 0.0026294820717131474
(5.0, 7.0): 0.005398406374501992
(5.0, 8.0): 0.011175298804780876
(5.0, 9.0): 0.02401394422310757
(6.0, 1.0): 3.9840637450199205e-05
(6.0, 2.0): 9.960159362549801e-05
(6.0, 3.0): 0.00023904382470119523
(6.0, 4.0): 0.00047808764940239046
(6.0, 5.0): 0.0013944223107569722
(6.0, 6.0): 0.003466135458167331
(6.0, 7.0): 0.007111553784860558
(6.0, 8.0): 0.016155378486055777
(6.0, 9.0): 0.03428286852589642
(7.0, 1.0): 9.960159362549801e-06
(7.0, 2.0): 6.972111553784861e-05
(7.0, 3.0): 0.00017928286852589642
(7.0, 4.0): 0.0005278884462151394
(7.0, 5.0): 0.0016434262948207172
(7.0, 6.0): 0.004531872509960159
(7.0, 7.0): 0.010896414342629482
(7.0, 8.0): 0.026752988047808766
(7.0, 9.0): 0.0597808764940239
(8.0, 1.0): 9.960159362549801e-06
(8.0, 2.0): 6.972111553784861e-05
(8.0, 3.0): 0.0002589641434262948
(8.0, 4.0): 0.0006673306772908366
(8.0, 5.0): 0.002101593625498008
(8.0, 6.0): 0.006444223107569721
(8.0, 7.0): 0.017788844621513943
(8.0, 8.0): 0.04781872509960159
(8.0, 9.0): 0.11853585657370518
(9.0, 0.0): 3.9840637450199205e-05
(9.0, 1.0): 4.9800796812749006e-05
(9.0, 2.0): 7.968127490039841e-05
(9.0, 3.0): 0.00019920318725099602
(9.0, 4.0): 0.0007669322709163346
(9.0, 5.0): 0.002460159362549801
(9.0, 6.0): 0.007679282868525896
(9.0, 7.0): 0.025846613545816733
(9.0, 8.0): 0.08327689243027889
(9.0, 9.0): 0.27539840637450197
-----------------------------------------------------------------------------------------

(0.0, 0.0): 0.0009760956175298805
(0.0, 1.0): 0.0020916334661354582
(0.0, 2.0): 0.0021314741035856574
(0.0, 3.0): 0.002151394422310757
(0.0, 4.0): 0.002151394422310757
(0.0, 5.0): 0.0021215139442231075
(0.0, 6.0): 0.0021613545816733066
(0.0, 7.0): 0.0021912350597609563
(0.0, 8.0): 0.0022111553784860557
(0.0, 9.0): 0.002290836653386454
(1.0, 0.0): 0.00100597609561753
(1.0, 1.0): 0.0022111553784860557
(1.0, 2.0): 0.0021115537848605576
(1.0, 3.0): 0.00199203187250996
(1.0, 4.0): 0.0019820717131474102
(1.0, 5.0): 0.0018525896414342629
(1.0, 6.0): 0.0017928286852589642
(1.0, 7.0): 0.0017629482071713147
(1.0, 8.0): 0.0017928286852589642
(1.0, 9.0): 0.003904382470119522
(2.0, 0.0): 9.960159362549801e-06
(2.0, 1.0): 6.972111553784861e-05
(2.0, 2.0): 0.0001892430278884462
(2.0, 3.0): 0.00023904382470119523
(2.0, 4.0): 0.00030876494023904385
(2.0, 5.0): 0.0003286852589641434
(2.0, 6.0): 0.00034860557768924305
(2.0, 7.0): 0.0003884462151394422
(2.0, 8.0): 0.0005179282868525896
(2.0, 9.0): 0.004292828685258964
(3.0, 2.0): 1.9920318725099602e-05
(3.0, 3.0): 1.9920318725099602e-05
(3.0, 4.0): 2.9880478087649403e-05
(3.0, 5.0): 4.9800796812749006e-05
(3.0, 6.0): 4.9800796812749006e-05
(3.0, 7.0): 8.964143426294821e-05
(3.0, 8.0): 0.0002290836653386454
(3.0, 9.0): 0.004482071713147411
(4.0, 7.0): 9.960159362549801e-06
(4.0, 8.0): 0.000149402390438247
(4.0, 9.0): 0.004442231075697211
(5.0, 7.0): 9.960159362549801e-06
(5.0, 8.0): 0.00013944223107569722
(5.0, 9.0): 0.0044123505976095614
(6.0, 7.0): 9.960159362549801e-06
(6.0, 8.0): 0.00013944223107569722
(6.0, 9.0): 0.004462151394422311
(7.0, 8.0): 0.00015936254980079682
(7.0, 9.0): 0.0048406374501992035
(8.0, 7.0): 2.9880478087649403e-05
(8.0, 8.0): 0.0013745019920318724
(8.0, 9.0): 0.028774900398406373
(9.0, 6.0): 1.9920318725099602e-05
(9.0, 7.0): 0.0006573705179282868
(9.0, 8.0): 0.022380478087649404
(9.0, 9.0): 0.8754382470119522
-----------------------------------------------------------------------------------------

Mismatch: 2.143289314393846
