(0.0, 0.0): 0.00014
(0.0, 1.0): 0.00022
(0.0, 2.0): 0.00025
(0.0, 3.0): 0.00048
(0.0, 4.0): 0.00067
(0.0, 5.0): 0.00086
(0.0, 6.0): 0.00106
(0.0, 7.0): 0.00145
(0.0, 8.0): 0.00187
(0.0, 9.0): 0.00247
(1.0, 0.0): 0.00017
(1.0, 1.0): 0.00028
(1.0, 2.0): 0.00038
(1.0, 3.0): 0.00053
(1.0, 4.0): 0.00086
(1.0, 5.0): 0.0009
(1.0, 6.0): 0.00117
(1.0, 7.0): 0.00154
(1.0, 8.0): 0.00237
(1.0, 9.0): 0.00411
(2.0, 0.0): 0.0001
(2.0, 1.0): 0.00021
(2.0, 2.0): 0.00046
(2.0, 3.0): 0.00056
(2.0, 4.0): 0.0007
(2.0, 5.0): 0.0008
(2.0, 6.0): 0.00136
(2.0, 7.0): 0.002
(2.0, 8.0): 0.00326
(2.0, 9.0): 0.00585
(3.0, 0.0): 0.00017
(3.0, 1.0): 0.00018
(3.0, 2.0): 0.00037
(3.0, 3.0): 0.00066
(3.0, 4.0): 0.00075
(3.0, 5.0): 0.0008
(3.0, 6.0): 0.00133
(3.0, 7.0): 0.00243
(3.0, 8.0): 0.00433
(3.0, 9.0): 0.00856
(4.0, 0.0): 0.00022
(4.0, 1.0): 0.00031
(4.0, 2.0): 0.00033
(4.0, 3.0): 0.00047
(4.0, 4.0): 0.00075
(4.0, 5.0): 0.00114
(4.0, 6.0): 0.00206
(4.0, 7.0): 0.00391
(4.0, 8.0): 0.00692
(4.0, 9.0): 0.01374
(5.0, 0.0): 0.00025
(5.0, 1.0): 0.00037
(5.0, 2.0): 0.00033
(5.0, 3.0): 0.0005
(5.0, 4.0): 0.00088
(5.0, 5.0): 0.00163
(5.0, 6.0): 0.00295
(5.0, 7.0): 0.00592
(5.0, 8.0): 0.01162
(5.0, 9.0): 0.02277
(6.0, 0.0): 0.00022
(6.0, 1.0): 0.00039
(6.0, 2.0): 0.00057
(6.0, 3.0): 0.00091
(6.0, 4.0): 0.0013
(6.0, 5.0): 0.0021
(6.0, 6.0): 0.00409
(6.0, 7.0): 0.00839
(6.0, 8.0): 0.01798
(6.0, 9.0): 0.03679
(7.0, 0.0): 0.00012
(7.0, 1.0): 0.00025
(7.0, 2.0): 0.00054
(7.0, 3.0): 0.00077
(7.0, 4.0): 0.00123
(7.0, 5.0): 0.00254
(7.0, 6.0): 0.00582
(7.0, 7.0): 0.0128
(7.0, 8.0): 0.03039
(7.0, 9.0): 0.06672
(8.0, 0.0): 0.00028
(8.0, 1.0): 0.00043
(8.0, 2.0): 0.00059
(8.0, 3.0): 0.00084
(8.0, 4.0): 0.00144
(8.0, 5.0): 0.00319
(8.0, 6.0): 0.00806
(8.0, 7.0): 0.02081
(8.0, 8.0): 0.05402
(8.0, 9.0): 0.13228
(9.0, 0.0): 0.00029
(9.0, 1.0): 0.00047
(9.0, 2.0): 0.00057
(9.0, 3.0): 0.0007
(9.0, 4.0): 0.00146
(9.0, 5.0): 0.00359
(9.0, 6.0): 0.0097
(9.0, 7.0): 0.02992
(9.0, 8.0): 0.09373
(9.0, 9.0): 0.30998
-----------------------------------------------------------------------------------------

(0.0, 0.0): 5e-05
(0.0, 1.0): 9e-05
(0.0, 2.0): 9e-05
(0.0, 3.0): 0.00014
(0.0, 4.0): 0.00021
(0.0, 5.0): 0.00028
(0.0, 6.0): 0.00029
(0.0, 7.0): 0.0003
(0.0, 8.0): 0.0004
(0.0, 9.0): 0.00054
(1.0, 0.0): 4e-05
(1.0, 1.0): 0.0001
(1.0, 2.0): 8e-05
(1.0, 3.0): 0.0001
(1.0, 4.0): 0.00016
(1.0, 5.0): 0.00023
(1.0, 6.0): 0.00028
(1.0, 7.0): 0.00037
(1.0, 8.0): 0.00039
(1.0, 9.0): 0.00093
(2.0, 0.0): 4e-05
(2.0, 1.0): 8e-05
(2.0, 2.0): 0.00012
(2.0, 3.0): 0.0002
(2.0, 4.0): 0.00023
(2.0, 5.0): 0.00023
(2.0, 6.0): 0.00028
(2.0, 7.0): 0.00033
(2.0, 8.0): 0.00043
(2.0, 9.0): 0.00134
(3.0, 0.0): 5e-05
(3.0, 1.0): 9e-05
(3.0, 2.0): 0.00011
(3.0, 3.0): 0.00019
(3.0, 4.0): 0.00022
(3.0, 5.0): 0.00021
(3.0, 6.0): 0.00021
(3.0, 7.0): 0.00026
(3.0, 8.0): 0.00038
(3.0, 9.0): 0.00173
(4.0, 0.0): 6e-05
(4.0, 1.0): 7e-05
(4.0, 2.0): 8e-05
(4.0, 3.0): 0.00013
(4.0, 4.0): 0.00021
(4.0, 5.0): 0.00027
(4.0, 6.0): 0.00033
(4.0, 7.0): 0.00039
(4.0, 8.0): 0.00049
(4.0, 9.0): 0.00216
(5.0, 0.0): 5e-05
(5.0, 1.0): 0.0001
(5.0, 2.0): 0.00014
(5.0, 3.0): 0.0002
(5.0, 4.0): 0.00021
(5.0, 5.0): 0.00024
(5.0, 6.0): 0.00025
(5.0, 7.0): 0.00029
(5.0, 8.0): 0.00045
(5.0, 9.0): 0.00275
(6.0, 0.0): 4e-05
(6.0, 1.0): 6e-05
(6.0, 2.0): 8e-05
(6.0, 3.0): 0.00018
(6.0, 4.0): 0.00022
(6.0, 5.0): 0.00029
(6.0, 6.0): 0.00031
(6.0, 7.0): 0.00034
(6.0, 8.0): 0.00043
(6.0, 9.0): 0.00308
(7.0, 0.0): 1e-05
(7.0, 1.0): 5e-05
(7.0, 2.0): 9e-05
(7.0, 3.0): 0.00014
(7.0, 4.0): 0.00017
(7.0, 5.0): 0.00024
(7.0, 6.0): 0.00025
(7.0, 7.0): 0.00031
(7.0, 8.0): 0.00052
(7.0, 9.0): 0.00418
(8.0, 0.0): 5e-05
(8.0, 1.0): 0.00011
(8.0, 2.0): 0.00013
(8.0, 3.0): 0.00013
(8.0, 4.0): 0.00017
(8.0, 5.0): 0.00022
(8.0, 6.0): 0.00028
(8.0, 7.0): 0.0004
(8.0, 8.0): 0.00182
(8.0, 9.0): 0.02925
(9.0, 0.0): 7e-05
(9.0, 1.0): 0.00015
(9.0, 2.0): 0.0002
(9.0, 3.0): 0.00022
(9.0, 4.0): 0.00026
(9.0, 5.0): 0.00026
(9.0, 6.0): 0.0004
(9.0, 7.0): 0.00114
(9.0, 8.0): 0.02368
(9.0, 9.0): 0.9094
-----------------------------------------------------------------------------------------

Mismatch: 1.3074522563950524
-----------------------------------------------------------------------------------------

(0.0, 0.0): 0.00013944223107569722
(0.0, 1.0): 0.00021912350597609563
(0.0, 2.0): 0.000249003984063745
(0.0, 3.0): 0.00047808764940239046
(0.0, 4.0): 0.0006673306772908366
(0.0, 5.0): 0.0008565737051792828
(0.0, 6.0): 0.0010657370517928287
(0.0, 7.0): 0.001444223107569721
(0.0, 8.0): 0.0018725099601593625
(0.0, 9.0): 0.002460159362549801
(1.0, 0.0): 0.0001693227091633466
(1.0, 1.0): 0.00027888446215139443
(1.0, 2.0): 0.0003784860557768924
(1.0, 3.0): 0.0005278884462151394
(1.0, 4.0): 0.0008565737051792828
(1.0, 5.0): 0.0008964143426294821
(1.0, 6.0): 0.0011653386454183268
(1.0, 7.0): 0.0015338645418326692
(1.0, 8.0): 0.0023705179282868527
(1.0, 9.0): 0.004093625498007968
(2.0, 0.0): 9.960159362549801e-05
(2.0, 1.0): 0.0002091633466135458
(2.0, 2.0): 0.0004581673306772908
(2.0, 3.0): 0.0005577689243027889
(2.0, 4.0): 0.0006972111553784861
(2.0, 5.0): 0.0007968127490039841
(2.0, 6.0): 0.0013545816733067729
(2.0, 7.0): 0.00199203187250996
(2.0, 8.0): 0.003247011952191235
(2.0, 9.0): 0.005826693227091634
(3.0, 0.0): 0.0001693227091633466
(3.0, 1.0): 0.00017928286852589642
(3.0, 2.0): 0.00036852589641434263
(3.0, 3.0): 0.0006573705179282868
(3.0, 4.0): 0.000747011952191235
(3.0, 5.0): 0.0007968127490039841
(3.0, 6.0): 0.0013247011952191236
(3.0, 7.0): 0.002430278884462151
(3.0, 8.0): 0.004312749003984063
(3.0, 9.0): 0.00852589641434263
(4.0, 0.0): 0.00021912350597609563
(4.0, 1.0): 0.00030876494023904385
(4.0, 2.0): 0.0003286852589641434
(4.0, 3.0): 0.0004681274900398406
(4.0, 4.0): 0.000747011952191235
(4.0, 5.0): 0.001145418326693227
(4.0, 6.0): 0.002051792828685259
(4.0, 7.0): 0.003894422310756972
(4.0, 8.0): 0.006932270916334662
(4.0, 9.0): 0.013725099601593625
(5.0, 0.0): 0.000249003984063745
(5.0, 1.0): 0.00036852589641434263
(5.0, 2.0): 0.0003286852589641434
(5.0, 3.0): 0.00049800796812749
(5.0, 4.0): 0.0008764940239043825
(5.0, 5.0): 0.001653386454183267
(5.0, 6.0): 0.002938247011952191
(5.0, 7.0): 0.005896414342629482
(5.0, 8.0): 0.011653386454183267
(5.0, 9.0): 0.022689243027888446
(6.0, 0.0): 0.00021912350597609563
(6.0, 1.0): 0.0003884462151394422
(6.0, 2.0): 0.0005677290836653387
(6.0, 3.0): 0.0009063745019920319
(6.0, 4.0): 0.0012948207171314741
(6.0, 5.0): 0.0020916334661354582
(6.0, 6.0): 0.004103585657370518
(6.0, 7.0): 0.008386454183266933
(6.0, 8.0): 0.01794820717131474
(6.0, 9.0): 0.03673306772908366
(7.0, 0.0): 0.00011952191235059761
(7.0, 1.0): 0.000249003984063745
(7.0, 2.0): 0.0005378486055776893
(7.0, 3.0): 0.0007669322709163346
(7.0, 4.0): 0.0012250996015936255
(7.0, 5.0): 0.002539840637450199
(7.0, 6.0): 0.005806772908366534
(7.0, 7.0): 0.012798804780876494
(7.0, 8.0): 0.03042828685258964
(7.0, 9.0): 0.06676294820717131
(8.0, 0.0): 0.00027888446215139443
(8.0, 1.0): 0.0004282868525896414
(8.0, 2.0): 0.0005876494023904382
(8.0, 3.0): 0.0008366533864541832
(8.0, 4.0): 0.001444223107569721
(8.0, 5.0): 0.0031772908366533865
(8.0, 6.0): 0.008087649402390438
(8.0, 7.0): 0.020796812749003985
(8.0, 8.0): 0.05408366533864542
(8.0, 9.0): 0.13239043824701197
(9.0, 0.0): 0.0002888446215139442
(9.0, 1.0): 0.0004681274900398406
(9.0, 2.0): 0.0005677290836653387
(9.0, 3.0): 0.0007071713147410359
(9.0, 4.0): 0.0014641434262948206
(9.0, 5.0): 0.0035856573705179283
(9.0, 6.0): 0.009681274900398407
(9.0, 7.0): 0.02993027888446215
(9.0, 8.0): 0.09393426294820717
(9.0, 9.0): 0.30994023904382473
-----------------------------------------------------------------------------------------

(0.0, 0.0): 4.9800796812749006e-05
(0.0, 1.0): 8.964143426294821e-05
(0.0, 2.0): 8.964143426294821e-05
(0.0, 3.0): 0.00013944223107569722
(0.0, 4.0): 0.0002091633466135458
(0.0, 5.0): 0.00027888446215139443
(0.0, 6.0): 0.0002888446215139442
(0.0, 7.0): 0.000298804780876494
(0.0, 8.0): 0.00039840637450199205
(0.0, 9.0): 0.0005378486055776893
(1.0, 0.0): 3.9840637450199205e-05
(1.0, 1.0): 9.960159362549801e-05
(1.0, 2.0): 7.968127490039841e-05
(1.0, 3.0): 9.960159362549801e-05
(1.0, 4.0): 0.00015936254980079682
(1.0, 5.0): 0.0002290836653386454
(1.0, 6.0): 0.00027888446215139443
(1.0, 7.0): 0.00036852589641434263
(1.0, 8.0): 0.0003884462151394422
(1.0, 9.0): 0.0009262948207171314
(2.0, 0.0): 3.9840637450199205e-05
(2.0, 1.0): 7.968127490039841e-05
(2.0, 2.0): 0.00011952191235059761
(2.0, 3.0): 0.00019920318725099602
(2.0, 4.0): 0.0002290836653386454
(2.0, 5.0): 0.0002290836653386454
(2.0, 6.0): 0.00027888446215139443
(2.0, 7.0): 0.0003286852589641434
(2.0, 8.0): 0.0004282868525896414
(2.0, 9.0): 0.0013346613545816733
(3.0, 0.0): 4.9800796812749006e-05
(3.0, 1.0): 8.964143426294821e-05
(3.0, 2.0): 0.00010956175298804781
(3.0, 3.0): 0.0001892430278884462
(3.0, 4.0): 0.00021912350597609563
(3.0, 5.0): 0.0002091633466135458
(3.0, 6.0): 0.0002091633466135458
(3.0, 7.0): 0.0002589641434262948
(3.0, 8.0): 0.0003784860557768924
(3.0, 9.0): 0.0017231075697211155
(4.0, 0.0): 5.976095617529881e-05
(4.0, 1.0): 6.972111553784861e-05
(4.0, 2.0): 7.968127490039841e-05
(4.0, 3.0): 0.0001294820717131474
(4.0, 4.0): 0.0002091633466135458
(4.0, 5.0): 0.00026892430278884465
(4.0, 6.0): 0.0003286852589641434
(4.0, 7.0): 0.0003884462151394422
(4.0, 8.0): 0.00048804780876494024
(4.0, 9.0): 0.002151394422310757
(5.0, 0.0): 4.9800796812749006e-05
(5.0, 1.0): 9.960159362549801e-05
(5.0, 2.0): 0.00013944223107569722
(5.0, 3.0): 0.00019920318725099602
(5.0, 4.0): 0.0002091633466135458
(5.0, 5.0): 0.00023904382470119523
(5.0, 6.0): 0.000249003984063745
(5.0, 7.0): 0.0002888446215139442
(5.0, 8.0): 0.00044820717131474104
(5.0, 9.0): 0.0027390438247011954
(6.0, 0.0): 3.9840637450199205e-05
(6.0, 1.0): 5.976095617529881e-05
(6.0, 2.0): 7.968127490039841e-05
(6.0, 3.0): 0.00017928286852589642
(6.0, 4.0): 0.00021912350597609563
(6.0, 5.0): 0.0002888446215139442
(6.0, 6.0): 0.00030876494023904385
(6.0, 7.0): 0.0003386454183266932
(6.0, 8.0): 0.0004282868525896414
(6.0, 9.0): 0.0030677290836653385
(7.0, 0.0): 9.960159362549801e-06
(7.0, 1.0): 4.9800796812749006e-05
(7.0, 2.0): 8.964143426294821e-05
(7.0, 3.0): 0.00013944223107569722
(7.0, 4.0): 0.0001693227091633466
(7.0, 5.0): 0.00023904382470119523
(7.0, 6.0): 0.000249003984063745
(7.0, 7.0): 0.00030876494023904385
(7.0, 8.0): 0.0005179282868525896
(7.0, 9.0): 0.004163346613545817
(8.0, 0.0): 4.9800796812749006e-05
(8.0, 1.0): 0.00010956175298804781
(8.0, 2.0): 0.0001294820717131474
(8.0, 3.0): 0.0001294820717131474
(8.0, 4.0): 0.0001693227091633466
(8.0, 5.0): 0.00021912350597609563
(8.0, 6.0): 0.00027888446215139443
(8.0, 7.0): 0.00039840637450199205
(8.0, 8.0): 0.0018127490039840637
(8.0, 9.0): 0.029252988047808764
(9.0, 0.0): 6.972111553784861e-05
(9.0, 1.0): 0.000149402390438247
(9.0, 2.0): 0.00019920318725099602
(9.0, 3.0): 0.00021912350597609563
(9.0, 4.0): 0.0002589641434262948
(9.0, 5.0): 0.0002589641434262948
(9.0, 6.0): 0.00039840637450199205
(9.0, 7.0): 0.0011354581673306773
(9.0, 8.0): 0.023675298804780878
(9.0, 9.0): 0.9095517928286853
-----------------------------------------------------------------------------------------

Mismatch: 1.3074522563950524
