(0.0, 0.0): 0.00026
(0.0, 1.0): 0.00051
(0.0, 2.0): 0.00046
(0.0, 3.0): 0.00082
(0.0, 4.0): 0.00102
(0.0, 5.0): 0.00119
(0.0, 6.0): 0.00142
(0.0, 7.0): 0.00177
(0.0, 8.0): 0.00231
(0.0, 9.0): 0.00308
(1.0, 0.0): 0.0002
(1.0, 1.0): 0.0005
(1.0, 2.0): 0.0006
(1.0, 3.0): 0.00065
(1.0, 4.0): 0.00083
(1.0, 5.0): 0.00093
(1.0, 6.0): 0.00127
(1.0, 7.0): 0.00177
(1.0, 8.0): 0.00268
(1.0, 9.0): 0.00513
(2.0, 0.0): 0.0002
(2.0, 1.0): 0.00039
(2.0, 2.0): 0.0005
(2.0, 3.0): 0.00058
(2.0, 4.0): 0.00074
(2.0, 5.0): 0.00098
(2.0, 6.0): 0.00145
(2.0, 7.0): 0.00208
(2.0, 8.0): 0.0033
(2.0, 9.0): 0.00664
(3.0, 0.0): 0.00025
(3.0, 1.0): 0.00038
(3.0, 2.0): 0.00048
(3.0, 3.0): 0.00071
(3.0, 4.0): 0.00099
(3.0, 5.0): 0.00104
(3.0, 6.0): 0.00153
(3.0, 7.0): 0.00272
(3.0, 8.0): 0.00456
(3.0, 9.0): 0.00901
(4.0, 0.0): 0.00034
(4.0, 1.0): 0.00041
(4.0, 2.0): 0.00052
(4.0, 3.0): 0.00054
(4.0, 4.0): 0.00081
(4.0, 5.0): 0.00123
(4.0, 6.0): 0.0021
(4.0, 7.0): 0.00394
(4.0, 8.0): 0.00671
(4.0, 9.0): 0.01372
(5.0, 0.0): 0.00025
(5.0, 1.0): 0.00044
(5.0, 2.0): 0.00047
(5.0, 3.0): 0.00045
(5.0, 4.0): 0.00078
(5.0, 5.0): 0.00149
(5.0, 6.0): 0.00248
(5.0, 7.0): 0.00556
(5.0, 8.0): 0.01085
(5.0, 9.0): 0.02162
(6.0, 0.0): 0.00037
(6.0, 1.0): 0.00038
(6.0, 2.0): 0.00046
(6.0, 3.0): 0.0007
(6.0, 4.0): 0.00107
(6.0, 5.0): 0.00211
(6.0, 6.0): 0.00393
(6.0, 7.0): 0.0079
(6.0, 8.0): 0.01731
(6.0, 9.0): 0.03597
(7.0, 0.0): 0.00029
(7.0, 1.0): 0.00049
(7.0, 2.0): 0.00068
(7.0, 3.0): 0.00092
(7.0, 4.0): 0.00132
(7.0, 5.0): 0.00242
(7.0, 6.0): 0.0058
(7.0, 7.0): 0.01273
(7.0, 8.0): 0.02965
(7.0, 9.0): 0.06491
(8.0, 0.0): 0.00019
(8.0, 1.0): 0.00048
(8.0, 2.0): 0.00075
(8.0, 3.0): 0.0009
(8.0, 4.0): 0.00154
(8.0, 5.0): 0.00325
(8.0, 6.0): 0.00808
(8.0, 7.0): 0.02049
(8.0, 8.0): 0.05346
(8.0, 9.0): 0.13134
(9.0, 0.0): 0.00026
(9.0, 1.0): 0.00052
(9.0, 2.0): 0.00079
(9.0, 3.0): 0.00092
(9.0, 4.0): 0.00159
(9.0, 5.0): 0.00374
(9.0, 6.0): 0.0096
(9.0, 7.0): 0.02951
(9.0, 8.0): 0.09357
(9.0, 9.0): 0.30897
-----------------------------------------------------------------------------------------

(0.0, 0.0): 7e-05
(0.0, 1.0): 0.00018
(0.0, 2.0): 0.00019
(0.0, 3.0): 0.00031
(0.0, 4.0): 0.00038
(0.0, 5.0): 0.00044
(0.0, 6.0): 0.00048
(0.0, 7.0): 0.00059
(0.0, 8.0): 0.00066
(0.0, 9.0): 0.00078
(1.0, 0.0): 3e-05
(1.0, 1.0): 0.00011
(1.0, 2.0): 0.00013
(1.0, 3.0): 0.00016
(1.0, 4.0): 0.00023
(1.0, 5.0): 0.00024
(1.0, 6.0): 0.00027
(1.0, 7.0): 0.00031
(1.0, 8.0): 0.00037
(1.0, 9.0): 0.00126
(2.0, 0.0): 7e-05
(2.0, 1.0): 0.00012
(2.0, 2.0): 0.00014
(2.0, 3.0): 0.00016
(2.0, 4.0): 0.00021
(2.0, 5.0): 0.00021
(2.0, 6.0): 0.00023
(2.0, 7.0): 0.00027
(2.0, 8.0): 0.00031
(2.0, 9.0): 0.00154
(3.0, 0.0): 7e-05
(3.0, 1.0): 0.00012
(3.0, 2.0): 0.00014
(3.0, 3.0): 0.00017
(3.0, 4.0): 0.00018
(3.0, 5.0): 0.00019
(3.0, 6.0): 0.00021
(3.0, 7.0): 0.00027
(3.0, 8.0): 0.00035
(3.0, 9.0): 0.0019
(4.0, 0.0): 9e-05
(4.0, 1.0): 0.0001
(4.0, 2.0): 0.00013
(4.0, 3.0): 0.00018
(4.0, 4.0): 0.00017
(4.0, 5.0): 0.00019
(4.0, 6.0): 0.00022
(4.0, 7.0): 0.00025
(4.0, 8.0): 0.00034
(4.0, 9.0): 0.00223
(5.0, 0.0): 3e-05
(5.0, 1.0): 0.0001
(5.0, 2.0): 0.00012
(5.0, 3.0): 0.00015
(5.0, 4.0): 0.00017
(5.0, 5.0): 0.00016
(5.0, 6.0): 0.0002
(5.0, 7.0): 0.00022
(5.0, 8.0): 0.00031
(5.0, 9.0): 0.0025
(6.0, 0.0): 0.00017
(6.0, 1.0): 0.0002
(6.0, 2.0): 0.00021
(6.0, 3.0): 0.00021
(6.0, 4.0): 0.00021
(6.0, 5.0): 0.00029
(6.0, 6.0): 0.0003
(6.0, 7.0): 0.00029
(6.0, 8.0): 0.00039
(6.0, 9.0): 0.00287
(7.0, 0.0): 7e-05
(7.0, 1.0): 0.0001
(7.0, 2.0): 0.00015
(7.0, 3.0): 0.00019
(7.0, 4.0): 0.00022
(7.0, 5.0): 0.00025
(7.0, 6.0): 0.00028
(7.0, 7.0): 0.00026
(7.0, 8.0): 0.00055
(7.0, 9.0): 0.00406
(8.0, 0.0): 3e-05
(8.0, 1.0): 6e-05
(8.0, 2.0): 0.0001
(8.0, 3.0): 0.00018
(8.0, 4.0): 0.00023
(8.0, 5.0): 0.00025
(8.0, 6.0): 0.00032
(8.0, 7.0): 0.00038
(8.0, 8.0): 0.00176
(8.0, 9.0): 0.02907
(9.0, 0.0): 5e-05
(9.0, 1.0): 0.00013
(9.0, 2.0): 0.00023
(9.0, 3.0): 0.00026
(9.0, 4.0): 0.00024
(9.0, 5.0): 0.0003
(9.0, 6.0): 0.00042
(9.0, 7.0): 0.00122
(9.0, 8.0): 0.02377
(9.0, 9.0): 0.90782
-----------------------------------------------------------------------------------------

Mismatch: 1.3064023544404133
