(0.0, 3.0): 2.9880478087649403e-05
(0.0, 4.0): 2.9880478087649403e-05
(0.0, 5.0): 2.9880478087649403e-05
(0.0, 6.0): 9.960159362549801e-05
(0.0, 7.0): 7.968127490039841e-05
(0.0, 8.0): 0.00021912350597609563
(0.0, 9.0): 0.00044820717131474104
(1.0, 2.0): 9.960159362549801e-06
(1.0, 3.0): 4.9800796812749006e-05
(1.0, 4.0): 2.9880478087649403e-05
(1.0, 5.0): 9.960159362549801e-06
(1.0, 6.0): 0.00010956175298804781
(1.0, 7.0): 0.00023904382470119523
(1.0, 8.0): 0.0004581673306772908
(1.0, 9.0): 0.0009362549800796812
(2.0, 0.0): 9.960159362549801e-06
(2.0, 1.0): 9.960159362549801e-06
(2.0, 2.0): 9.960159362549801e-06
(2.0, 3.0): 8.964143426294821e-05
(2.0, 4.0): 0.00010956175298804781
(2.0, 5.0): 0.0001693227091633466
(2.0, 6.0): 0.0003286852589641434
(2.0, 7.0): 0.00048804780876494024
(2.0, 8.0): 0.0009063745019920319
(2.0, 9.0): 0.0015637450199203187
(3.0, 0.0): 1.9920318725099602e-05
(3.0, 1.0): 3.9840637450199205e-05
(3.0, 2.0): 3.9840637450199205e-05
(3.0, 3.0): 8.964143426294821e-05
(3.0, 4.0): 0.00015936254980079682
(3.0, 5.0): 0.00026892430278884465
(3.0, 6.0): 0.0005677290836653387
(3.0, 7.0): 0.0009760956175298805
(3.0, 8.0): 0.0016832669322709164
(3.0, 9.0): 0.0030876494023904383
(4.0, 1.0): 2.9880478087649403e-05
(4.0, 2.0): 9.960159362549801e-06
(4.0, 4.0): 0.00011952191235059761
(4.0, 5.0): 0.0004282868525896414
(4.0, 6.0): 0.0011155378486055777
(4.0, 7.0): 0.0024203187250996018
(4.0, 8.0): 0.004243027888446215
(4.0, 9.0): 0.007848605577689243
(5.0, 0.0): 9.960159362549801e-06
(5.0, 1.0): 2.9880478087649403e-05
(5.0, 2.0): 1.9920318725099602e-05
(5.0, 3.0): 8.964143426294821e-05
(5.0, 4.0): 0.000298804780876494
(5.0, 5.0): 0.0007868525896414343
(5.0, 6.0): 0.0018525896414342629
(5.0, 7.0): 0.0044123505976095614
(5.0, 8.0): 0.008784860557768925
(5.0, 9.0): 0.016374501992031873
(6.0, 0.0): 9.960159362549801e-06
(6.0, 1.0): 3.9840637450199205e-05
(6.0, 2.0): 3.9840637450199205e-05
(6.0, 3.0): 0.0001693227091633466
(6.0, 4.0): 0.0005179282868525896
(6.0, 5.0): 0.0013147410358565737
(6.0, 6.0): 0.0032868525896414345
(6.0, 7.0): 0.0072908366533864545
(6.0, 8.0): 0.016334661354581673
(6.0, 9.0): 0.0325199203187251
(7.0, 0.0): 2.9880478087649403e-05
(7.0, 1.0): 8.964143426294821e-05
(7.0, 2.0): 0.0001294820717131474
(7.0, 3.0): 0.0002888446215139442
(7.0, 4.0): 0.0007868525896414343
(7.0, 5.0): 0.0018326693227091633
(7.0, 6.0): 0.005149402390438247
(7.0, 7.0): 0.01298804780876494
(7.0, 8.0): 0.03104581673306773
(7.0, 9.0): 0.06737051792828685
(8.0, 1.0): 1.9920318725099602e-05
(8.0, 2.0): 9.960159362549801e-05
(8.0, 3.0): 0.0003784860557768924
(8.0, 4.0): 0.0009063745019920319
(8.0, 5.0): 0.0026294820717131474
(8.0, 6.0): 0.008057768924302789
(8.0, 7.0): 0.022380478087649404
(8.0, 8.0): 0.05925298804780876
(8.0, 9.0): 0.1478784860557769
(9.0, 0.0): 4.9800796812749006e-05
(9.0, 1.0): 5.976095617529881e-05
(9.0, 2.0): 0.00010956175298804781
(9.0, 3.0): 0.0002888446215139442
(9.0, 4.0): 0.00099601593625498
(9.0, 5.0): 0.0032768924302788846
(9.0, 6.0): 0.01047808764940239
(9.0, 7.0): 0.033824701195219124
(9.0, 8.0): 0.10762948207171315
(9.0, 9.0): 0.3581772908366534
-----------------------------------------------------------------------------------------

(1.0, 9.0): 9.960159362549801e-06
(2.0, 9.0): 9.960159362549801e-06
(3.0, 9.0): 2.9880478087649403e-05
(4.0, 7.0): 9.960159362549801e-06
(4.0, 8.0): 1.9920318725099602e-05
(4.0, 9.0): 4.9800796812749006e-05
(5.0, 3.0): 9.960159362549801e-06
(5.0, 4.0): 1.9920318725099602e-05
(5.0, 5.0): 2.9880478087649403e-05
(5.0, 6.0): 2.9880478087649403e-05
(5.0, 7.0): 1.9920318725099602e-05
(5.0, 8.0): 1.9920318725099602e-05
(5.0, 9.0): 0.0001294820717131474
(6.0, 1.0): 9.960159362549801e-06
(6.0, 2.0): 9.960159362549801e-06
(6.0, 3.0): 9.960159362549801e-06
(6.0, 4.0): 9.960159362549801e-06
(6.0, 5.0): 9.960159362549801e-06
(6.0, 6.0): 9.960159362549801e-06
(6.0, 7.0): 9.960159362549801e-06
(6.0, 8.0): 9.960159362549801e-06
(6.0, 9.0): 0.0001693227091633466
(7.0, 2.0): 9.960159362549801e-06
(7.0, 3.0): 9.960159362549801e-06
(7.0, 4.0): 9.960159362549801e-06
(7.0, 5.0): 9.960159362549801e-06
(7.0, 6.0): 9.960159362549801e-06
(7.0, 7.0): 9.960159362549801e-06
(7.0, 8.0): 8.964143426294821e-05
(7.0, 9.0): 0.0007669322709163346
(8.0, 3.0): 9.960159362549801e-06
(8.0, 4.0): 9.960159362549801e-06
(8.0, 5.0): 9.960159362549801e-06
(8.0, 6.0): 9.960159362549801e-06
(8.0, 7.0): 5.976095617529881e-05
(8.0, 8.0): 0.0013844621513944223
(8.0, 9.0): 0.026762948207171313
(9.0, 0.0): 9.960159362549801e-06
(9.0, 1.0): 9.960159362549801e-06
(9.0, 2.0): 9.960159362549801e-06
(9.0, 3.0): 9.960159362549801e-06
(9.0, 4.0): 9.960159362549801e-06
(9.0, 5.0): 9.960159362549801e-06
(9.0, 6.0): 2.9880478087649403e-05
(9.0, 7.0): 0.0007569721115537848
(9.0, 8.0): 0.024282868525896416
(9.0, 9.0): 0.9450697211155379
-----------------------------------------------------------------------------------------

Mismatch: 2.1222095873325646
