(0.0, 0.0): 0.00010956175298804781
(0.0, 1.0): 0.00019920318725099602
(0.0, 2.0): 0.000249003984063745
(0.0, 3.0): 0.00044820717131474104
(0.0, 4.0): 0.0005079681274900398
(0.0, 5.0): 0.0006075697211155378
(0.0, 6.0): 0.0008167330677290837
(0.0, 7.0): 0.0011653386454183268
(0.0, 8.0): 0.001802788844621514
(0.0, 9.0): 0.002350597609561753
(1.0, 0.0): 0.0001892430278884462
(1.0, 1.0): 0.00026892430278884465
(1.0, 2.0): 0.000298804780876494
(1.0, 3.0): 0.0005179282868525896
(1.0, 4.0): 0.0006374501992031873
(1.0, 5.0): 0.0007270916334661355
(1.0, 6.0): 0.0009661354581673307
(1.0, 7.0): 0.0016035856573705179
(1.0, 8.0): 0.002400398406374502
(1.0, 9.0): 0.0041733067729083665
(2.0, 0.0): 0.0001294820717131474
(2.0, 1.0): 0.0002888446215139442
(2.0, 2.0): 0.00043824701195219125
(2.0, 3.0): 0.00047808764940239046
(2.0, 4.0): 0.0008067729083665339
(2.0, 5.0): 0.0011254980079681274
(2.0, 6.0): 0.0014243027888446215
(2.0, 7.0): 0.002041832669322709
(2.0, 8.0): 0.003396414342629482
(2.0, 9.0): 0.0061852589641434265
(3.0, 0.0): 6.972111553784861e-05
(3.0, 1.0): 0.00023904382470119523
(3.0, 2.0): 0.00043824701195219125
(3.0, 3.0): 0.00049800796812749
(3.0, 4.0): 0.0009063745019920319
(3.0, 5.0): 0.001205179282868526
(3.0, 6.0): 0.0018127490039840637
(3.0, 7.0): 0.002898406374501992
(3.0, 8.0): 0.004521912350597609
(3.0, 9.0): 0.008874501992031873
(4.0, 0.0): 8.964143426294821e-05
(4.0, 1.0): 0.0002290836653386454
(4.0, 2.0): 0.00039840637450199205
(4.0, 3.0): 0.00048804780876494024
(4.0, 4.0): 0.0008067729083665339
(4.0, 5.0): 0.0013047808764940238
(4.0, 6.0): 0.002101593625498008
(4.0, 7.0): 0.004163346613545817
(4.0, 8.0): 0.006812749003984064
(4.0, 9.0): 0.013814741035856573
(5.0, 0.0): 0.00023904382470119523
(5.0, 1.0): 0.0003286852589641434
(5.0, 2.0): 0.0004282868525896414
(5.0, 3.0): 0.0005577689243027889
(5.0, 4.0): 0.0008167330677290837
(5.0, 5.0): 0.0015239043824701196
(5.0, 6.0): 0.0026294820717131474
(5.0, 7.0): 0.005657370517928287
(5.0, 8.0): 0.010607569721115538
(5.0, 9.0): 0.02142430278884462
(6.0, 0.0): 0.000149402390438247
(6.0, 1.0): 0.00035856573705179284
(6.0, 2.0): 0.0005179282868525896
(6.0, 3.0): 0.0006374501992031873
(6.0, 4.0): 0.0010856573705179283
(6.0, 5.0): 0.0019223107569721115
(6.0, 6.0): 0.004043824701195219
(6.0, 7.0): 0.00802788844621514
(6.0, 8.0): 0.017071713147410357
(6.0, 9.0): 0.035577689243027885
(7.0, 0.0): 0.00021912350597609563
(7.0, 1.0): 0.0003286852589641434
(7.0, 2.0): 0.0005278884462151394
(7.0, 3.0): 0.000747011952191235
(7.0, 4.0): 0.0015438247011952191
(7.0, 5.0): 0.0025896414342629482
(7.0, 6.0): 0.005806772908366534
(7.0, 7.0): 0.013097609561752988
(7.0, 8.0): 0.03051792828685259
(7.0, 9.0): 0.06582669322709163
(8.0, 0.0): 0.000149402390438247
(8.0, 1.0): 0.00039840637450199205
(8.0, 2.0): 0.0005876494023904382
(8.0, 3.0): 0.0009262948207171314
(8.0, 4.0): 0.0014641434262948206
(8.0, 5.0): 0.0031673306772908366
(8.0, 6.0): 0.008247011952191236
(8.0, 7.0): 0.02104581673306773
(8.0, 8.0): 0.05477091633466136
(8.0, 9.0): 0.13327689243027888
(9.0, 0.0): 0.00019920318725099602
(9.0, 1.0): 0.0002589641434262948
(9.0, 2.0): 0.0004681274900398406
(9.0, 3.0): 0.000846613545816733
(9.0, 4.0): 0.0014243027888446215
(9.0, 5.0): 0.0034262948207171313
(9.0, 6.0): 0.009731075697211156
(9.0, 7.0): 0.030159362549800797
(9.0, 8.0): 0.09475099601593626
(9.0, 9.0): 0.3118625498007968
-----------------------------------------------------------------------------------------

(0.0, 0.0): 9.960159362549801e-06
(0.0, 1.0): 4.9800796812749006e-05
(0.0, 2.0): 0.00011952191235059761
(0.0, 3.0): 0.00015936254980079682
(0.0, 4.0): 0.00017928286852589642
(0.0, 5.0): 0.00019920318725099602
(0.0, 6.0): 0.0002091633466135458
(0.0, 7.0): 0.0002290836653386454
(0.0, 8.0): 0.00031872509960159364
(0.0, 9.0): 0.0003784860557768924
(1.0, 0.0): 2.9880478087649403e-05
(1.0, 1.0): 5.976095617529881e-05
(1.0, 2.0): 7.968127490039841e-05
(1.0, 3.0): 0.00013944223107569722
(1.0, 4.0): 0.00013944223107569722
(1.0, 5.0): 0.00017928286852589642
(1.0, 6.0): 0.0002091633466135458
(1.0, 7.0): 0.000298804780876494
(1.0, 8.0): 0.00030876494023904385
(1.0, 9.0): 0.0007071713147410359
(2.0, 1.0): 5.976095617529881e-05
(2.0, 2.0): 6.972111553784861e-05
(2.0, 3.0): 0.00010956175298804781
(2.0, 4.0): 0.0001693227091633466
(2.0, 5.0): 0.0002091633466135458
(2.0, 6.0): 0.0002589641434262948
(2.0, 7.0): 0.00031872509960159364
(2.0, 8.0): 0.00040836653386454183
(2.0, 9.0): 0.0011155378486055777
(3.0, 0.0): 2.9880478087649403e-05
(3.0, 1.0): 5.976095617529881e-05
(3.0, 2.0): 0.00010956175298804781
(3.0, 3.0): 0.00015936254980079682
(3.0, 4.0): 0.00019920318725099602
(3.0, 5.0): 0.00026892430278884465
(3.0, 6.0): 0.0003386454183266932
(3.0, 7.0): 0.00034860557768924305
(3.0, 8.0): 0.00043824701195219125
(3.0, 9.0): 0.00149402390438247
(4.0, 0.0): 9.960159362549801e-06
(4.0, 1.0): 1.9920318725099602e-05
(4.0, 2.0): 3.9840637450199205e-05
(4.0, 3.0): 0.00010956175298804781
(4.0, 4.0): 0.0001892430278884462
(4.0, 5.0): 0.0002290836653386454
(4.0, 6.0): 0.000298804780876494
(4.0, 7.0): 0.00034860557768924305
(4.0, 8.0): 0.00043824701195219125
(4.0, 9.0): 0.00201195219123506
(5.0, 0.0): 4.9800796812749006e-05
(5.0, 1.0): 5.976095617529881e-05
(5.0, 2.0): 0.00011952191235059761
(5.0, 3.0): 0.00017928286852589642
(5.0, 4.0): 0.0001892430278884462
(5.0, 5.0): 0.00023904382470119523
(5.0, 6.0): 0.00027888446215139443
(5.0, 7.0): 0.0004183266932270916
(5.0, 8.0): 0.00048804780876494024
(5.0, 9.0): 0.002410358565737052
(6.0, 0.0): 9.960159362549801e-06
(6.0, 1.0): 1.9920318725099602e-05
(6.0, 2.0): 0.00011952191235059761
(6.0, 3.0): 0.00019920318725099602
(6.0, 4.0): 0.00030876494023904385
(6.0, 5.0): 0.00034860557768924305
(6.0, 6.0): 0.00044820717131474104
(6.0, 7.0): 0.0004681274900398406
(6.0, 8.0): 0.0005278884462151394
(6.0, 9.0): 0.0028685258964143427
(7.0, 0.0): 3.9840637450199205e-05
(7.0, 1.0): 6.972111553784861e-05
(7.0, 2.0): 0.00013944223107569722
(7.0, 3.0): 0.0001892430278884462
(7.0, 4.0): 0.0002888446215139442
(7.0, 5.0): 0.000298804780876494
(7.0, 6.0): 0.00035856573705179284
(7.0, 7.0): 0.0004183266932270916
(7.0, 8.0): 0.0005876494023904382
(7.0, 9.0): 0.00399402390438247
(8.0, 0.0): 3.9840637450199205e-05
(8.0, 1.0): 9.960159362549801e-05
(8.0, 2.0): 0.00011952191235059761
(8.0, 3.0): 0.00017928286852589642
(8.0, 4.0): 0.00021912350597609563
(8.0, 5.0): 0.000249003984063745
(8.0, 6.0): 0.00027888446215139443
(8.0, 7.0): 0.0003386454183266932
(8.0, 8.0): 0.0017330677290836654
(8.0, 9.0): 0.029402390438247012
(9.0, 0.0): 3.9840637450199205e-05
(9.0, 1.0): 6.972111553784861e-05
(9.0, 2.0): 6.972111553784861e-05
(9.0, 3.0): 0.00011952191235059761
(9.0, 4.0): 0.000149402390438247
(9.0, 5.0): 0.0002091633466135458
(9.0, 6.0): 0.0002589641434262948
(9.0, 7.0): 0.0010358565737051792
(9.0, 8.0): 0.023824701195219122
(9.0, 9.0): 0.9115637450199203
-----------------------------------------------------------------------------------------

Mismatch: 1.3102056083976041
