(0.0, 3.0): 6.972111553784861e-05
(0.0, 4.0): 6.972111553784861e-05
(0.0, 5.0): 5.976095617529881e-05
(0.0, 6.0): 0.0001294820717131474
(0.0, 7.0): 8.964143426294821e-05
(0.0, 8.0): 0.0003286852589641434
(0.0, 9.0): 0.0006872509960159362
(1.0, 2.0): 9.960159362549801e-06
(1.0, 3.0): 2.9880478087649403e-05
(1.0, 4.0): 2.9880478087649403e-05
(1.0, 5.0): 5.976095617529881e-05
(1.0, 6.0): 0.0002091633466135458
(1.0, 7.0): 0.0003386454183266932
(1.0, 8.0): 0.0007071713147410359
(1.0, 9.0): 0.0013346613545816733
(2.0, 0.0): 9.960159362549801e-06
(2.0, 1.0): 9.960159362549801e-06
(2.0, 2.0): 9.960159362549801e-06
(2.0, 3.0): 6.972111553784861e-05
(2.0, 4.0): 9.960159362549801e-05
(2.0, 5.0): 0.0002091633466135458
(2.0, 6.0): 0.0004581673306772908
(2.0, 7.0): 0.0006175298804780877
(2.0, 8.0): 0.001195219123505976
(2.0, 9.0): 0.0020717131474103584
(3.0, 0.0): 1.9920318725099602e-05
(3.0, 1.0): 1.9920318725099602e-05
(3.0, 2.0): 4.9800796812749006e-05
(3.0, 3.0): 0.00011952191235059761
(3.0, 4.0): 0.00017928286852589642
(3.0, 5.0): 0.0003386454183266932
(3.0, 6.0): 0.000747011952191235
(3.0, 7.0): 0.0011852589641434264
(3.0, 8.0): 0.0021314741035856574
(3.0, 9.0): 0.003894422310756972
(4.0, 2.0): 9.960159362549801e-06
(4.0, 4.0): 0.0001892430278884462
(4.0, 5.0): 0.0005577689243027889
(4.0, 6.0): 0.001245019920318725
(4.0, 7.0): 0.0026095617529880476
(4.0, 8.0): 0.004830677290836654
(4.0, 9.0): 0.009103585657370518
(5.0, 3.0): 5.976095617529881e-05
(5.0, 4.0): 0.00034860557768924305
(5.0, 5.0): 0.0008864541832669323
(5.0, 6.0): 0.00201195219123506
(5.0, 7.0): 0.004870517928286852
(5.0, 8.0): 0.009780876494023904
(5.0, 9.0): 0.018336653386454183
(6.0, 0.0): 9.960159362549801e-06
(6.0, 2.0): 3.9840637450199205e-05
(6.0, 3.0): 0.0002091633466135458
(6.0, 4.0): 0.0005577689243027889
(6.0, 5.0): 0.0014143426294820718
(6.0, 6.0): 0.003436254980079681
(6.0, 7.0): 0.007878486055776892
(6.0, 8.0): 0.017231075697211155
(6.0, 9.0): 0.03431274900398407
(7.0, 0.0): 1.9920318725099602e-05
(7.0, 1.0): 4.9800796812749006e-05
(7.0, 2.0): 0.00010956175298804781
(7.0, 3.0): 0.00027888446215139443
(7.0, 4.0): 0.0007669322709163346
(7.0, 5.0): 0.0018924302788844622
(7.0, 6.0): 0.005328685258964143
(7.0, 7.0): 0.013356573705179283
(7.0, 8.0): 0.03162350597609562
(7.0, 9.0): 0.06907370517928287
(8.0, 0.0): 1.9920318725099602e-05
(8.0, 1.0): 7.968127490039841e-05
(8.0, 2.0): 0.0001294820717131474
(8.0, 3.0): 0.00035856573705179284
(8.0, 4.0): 0.0009163346613545817
(8.0, 5.0): 0.0026394422310756973
(8.0, 6.0): 0.008107569721115537
(8.0, 7.0): 0.022280876494023903
(8.0, 8.0): 0.05856573705179283
(8.0, 9.0): 0.14619521912350597
(9.0, 0.0): 8.964143426294821e-05
(9.0, 1.0): 6.972111553784861e-05
(9.0, 2.0): 9.960159362549801e-05
(9.0, 3.0): 0.00026892430278884465
(9.0, 4.0): 0.0009362549800796812
(9.0, 5.0): 0.0032569721115537848
(9.0, 6.0): 0.010288844621513945
(9.0, 7.0): 0.033276892430278884
(9.0, 8.0): 0.10576693227091634
(9.0, 9.0): 0.34663346613545815
-----------------------------------------------------------------------------------------

(0.0, 8.0): 9.960159362549801e-06
(0.0, 9.0): 9.960159362549801e-06
(1.0, 8.0): 4.9800796812749006e-05
(1.0, 9.0): 7.968127490039841e-05
(2.0, 4.0): 1.9920318725099602e-05
(2.0, 5.0): 2.9880478087649403e-05
(2.0, 6.0): 5.976095617529881e-05
(2.0, 7.0): 6.972111553784861e-05
(2.0, 8.0): 7.968127490039841e-05
(2.0, 9.0): 0.00013944223107569722
(3.0, 3.0): 9.960159362549801e-06
(3.0, 4.0): 9.960159362549801e-06
(3.0, 5.0): 1.9920318725099602e-05
(3.0, 6.0): 1.9920318725099602e-05
(3.0, 7.0): 2.9880478087649403e-05
(3.0, 8.0): 5.976095617529881e-05
(3.0, 9.0): 0.0002091633466135458
(4.0, 7.0): 3.9840637450199205e-05
(4.0, 8.0): 9.960159362549801e-05
(4.0, 9.0): 0.0003784860557768924
(5.0, 4.0): 9.960159362549801e-06
(5.0, 5.0): 1.9920318725099602e-05
(5.0, 6.0): 3.9840637450199205e-05
(5.0, 7.0): 4.9800796812749006e-05
(5.0, 8.0): 9.960159362549801e-05
(5.0, 9.0): 0.0005378486055776893
(6.0, 0.0): 9.960159362549801e-06
(6.0, 1.0): 9.960159362549801e-06
(6.0, 2.0): 9.960159362549801e-06
(6.0, 3.0): 9.960159362549801e-06
(6.0, 4.0): 1.9920318725099602e-05
(6.0, 5.0): 1.9920318725099602e-05
(6.0, 6.0): 3.9840637450199205e-05
(6.0, 7.0): 9.960159362549801e-05
(6.0, 8.0): 0.0001693227091633466
(6.0, 9.0): 0.0008266932270916335
(7.0, 3.0): 9.960159362549801e-06
(7.0, 4.0): 9.960159362549801e-06
(7.0, 5.0): 9.960159362549801e-06
(7.0, 6.0): 4.9800796812749006e-05
(7.0, 7.0): 0.00010956175298804781
(7.0, 8.0): 0.00031872509960159364
(7.0, 9.0): 0.00199203187250996
(8.0, 4.0): 1.9920318725099602e-05
(8.0, 5.0): 2.9880478087649403e-05
(8.0, 6.0): 7.968127490039841e-05
(8.0, 7.0): 0.0001693227091633466
(8.0, 8.0): 0.0017629482071713147
(8.0, 9.0): 0.02862549800796813
(9.0, 0.0): 9.960159362549801e-06
(9.0, 1.0): 9.960159362549801e-06
(9.0, 2.0): 9.960159362549801e-06
(9.0, 3.0): 9.960159362549801e-06
(9.0, 4.0): 9.960159362549801e-06
(9.0, 5.0): 9.960159362549801e-06
(9.0, 6.0): 5.976095617529881e-05
(9.0, 7.0): 0.0009163346613545817
(9.0, 8.0): 0.024681274900398405
(9.0, 9.0): 0.937699203187251
-----------------------------------------------------------------------------------------

Mismatch: 1.6843149920666294
