(0.0, 3.0): 5e-05
(0.0, 4.0): 4e-05
(0.0, 5.0): 3e-05
(0.0, 6.0): 0.00015
(0.0, 7.0): 0.00012
(0.0, 8.0): 0.0003
(0.0, 9.0): 0.00062
(1.0, 2.0): 1e-05
(1.0, 3.0): 5e-05
(1.0, 4.0): 6e-05
(1.0, 5.0): 6e-05
(1.0, 6.0): 0.00024
(1.0, 7.0): 0.00032
(1.0, 8.0): 0.00058
(1.0, 9.0): 0.00133
(2.0, 0.0): 1e-05
(2.0, 1.0): 1e-05
(2.0, 2.0): 1e-05
(2.0, 3.0): 8e-05
(2.0, 4.0): 0.00015
(2.0, 5.0): 0.00027
(2.0, 6.0): 0.00046
(2.0, 7.0): 0.00063
(2.0, 8.0): 0.00125
(2.0, 9.0): 0.00248
(3.0, 0.0): 2e-05
(3.0, 1.0): 2e-05
(3.0, 2.0): 4e-05
(3.0, 3.0): 0.0001
(3.0, 4.0): 0.00018
(3.0, 5.0): 0.00032
(3.0, 6.0): 0.00071
(3.0, 7.0): 0.00123
(3.0, 8.0): 0.00219
(3.0, 9.0): 0.00423
(4.0, 1.0): 1e-05
(4.0, 2.0): 1e-05
(4.0, 3.0): 2e-05
(4.0, 4.0): 0.00017
(4.0, 5.0): 0.00052
(4.0, 6.0): 0.00132
(4.0, 7.0): 0.00274
(4.0, 8.0): 0.00476
(4.0, 9.0): 0.00922
(5.0, 0.0): 1e-05
(5.0, 1.0): 2e-05
(5.0, 2.0): 3e-05
(5.0, 3.0): 0.0001
(5.0, 4.0): 0.00031
(5.0, 5.0): 0.00087
(5.0, 6.0): 0.00207
(5.0, 7.0): 0.00493
(5.0, 8.0): 0.00976
(5.0, 9.0): 0.01856
(6.0, 2.0): 3e-05
(6.0, 3.0): 0.00021
(6.0, 4.0): 0.00059
(6.0, 5.0): 0.00149
(6.0, 6.0): 0.00342
(6.0, 7.0): 0.00786
(6.0, 8.0): 0.01731
(6.0, 9.0): 0.03451
(7.0, 1.0): 2e-05
(7.0, 2.0): 0.0001
(7.0, 3.0): 0.0003
(7.0, 4.0): 0.00082
(7.0, 5.0): 0.00208
(7.0, 6.0): 0.00549
(7.0, 7.0): 0.01326
(7.0, 8.0): 0.0315
(7.0, 9.0): 0.06869
(8.0, 1.0): 3e-05
(8.0, 2.0): 0.0001
(8.0, 3.0): 0.0004
(8.0, 4.0): 0.00095
(8.0, 5.0): 0.00265
(8.0, 6.0): 0.0081
(8.0, 7.0): 0.02225
(8.0, 8.0): 0.05867
(8.0, 9.0): 0.1458
(9.0, 0.0): 4e-05
(9.0, 1.0): 5e-05
(9.0, 2.0): 0.00013
(9.0, 3.0): 0.00029
(9.0, 4.0): 0.00097
(9.0, 5.0): 0.00324
(9.0, 6.0): 0.0102
(9.0, 7.0): 0.03322
(9.0, 8.0): 0.10532
(9.0, 9.0): 0.34613
-----------------------------------------------------------------------------------------

(0.0, 7.0): 1e-05
(0.0, 8.0): 1e-05
(0.0, 9.0): 1e-05
(1.0, 4.0): 2e-05
(1.0, 5.0): 3e-05
(1.0, 6.0): 3e-05
(1.0, 7.0): 3e-05
(1.0, 8.0): 6e-05
(1.0, 9.0): 0.00012
(2.0, 5.0): 1e-05
(2.0, 6.0): 3e-05
(2.0, 7.0): 2e-05
(2.0, 8.0): 5e-05
(2.0, 9.0): 0.00021
(3.0, 5.0): 1e-05
(3.0, 6.0): 1e-05
(3.0, 7.0): 1e-05
(3.0, 8.0): 2e-05
(3.0, 9.0): 0.00023
(4.0, 1.0): 1e-05
(4.0, 2.0): 1e-05
(4.0, 3.0): 1e-05
(4.0, 4.0): 2e-05
(4.0, 5.0): 2e-05
(4.0, 6.0): 3e-05
(4.0, 7.0): 7e-05
(4.0, 8.0): 0.00012
(4.0, 9.0): 0.00039
(5.0, 2.0): 1e-05
(5.0, 3.0): 1e-05
(5.0, 4.0): 1e-05
(5.0, 5.0): 2e-05
(5.0, 6.0): 4e-05
(5.0, 7.0): 9e-05
(5.0, 8.0): 0.00015
(5.0, 9.0): 0.00063
(6.0, 3.0): 1e-05
(6.0, 4.0): 1e-05
(6.0, 5.0): 3e-05
(6.0, 6.0): 2e-05
(6.0, 7.0): 6e-05
(6.0, 8.0): 0.00013
(6.0, 9.0): 0.00093
(7.0, 3.0): 2e-05
(7.0, 4.0): 2e-05
(7.0, 5.0): 4e-05
(7.0, 6.0): 8e-05
(7.0, 7.0): 0.00013
(7.0, 8.0): 0.00035
(7.0, 9.0): 0.00214
(8.0, 1.0): 1e-05
(8.0, 2.0): 1e-05
(8.0, 3.0): 2e-05
(8.0, 4.0): 2e-05
(8.0, 5.0): 3e-05
(8.0, 6.0): 4e-05
(8.0, 7.0): 0.00015
(8.0, 8.0): 0.00177
(8.0, 9.0): 0.02862
(9.0, 4.0): 1e-05
(9.0, 5.0): 1e-05
(9.0, 6.0): 5e-05
(9.0, 7.0): 0.00099
(9.0, 8.0): 0.02469
(9.0, 9.0): 0.93705
-----------------------------------------------------------------------------------------

Mismatch: 1.6464193225752504
-----------------------------------------------------------------------------------------

(0.0, 3.0): 4.9800796812749006e-05
(0.0, 4.0): 3.9840637450199205e-05
(0.0, 5.0): 2.9880478087649403e-05
(0.0, 6.0): 0.00015936254980079682
(0.0, 7.0): 0.00011952191235059761
(0.0, 8.0): 0.00030876494023904385
(0.0, 9.0): 0.0006175298804780877
(1.0, 2.0): 9.960159362549801e-06
(1.0, 3.0): 4.9800796812749006e-05
(1.0, 4.0): 5.976095617529881e-05
(1.0, 5.0): 5.976095617529881e-05
(1.0, 6.0): 0.00023904382470119523
(1.0, 7.0): 0.00031872509960159364
(1.0, 8.0): 0.0005876494023904382
(1.0, 9.0): 0.0013247011952191236
(2.0, 0.0): 9.960159362549801e-06
(2.0, 1.0): 9.960159362549801e-06
(2.0, 2.0): 9.960159362549801e-06
(2.0, 3.0): 7.968127490039841e-05
(2.0, 4.0): 0.000149402390438247
(2.0, 5.0): 0.00026892430278884465
(2.0, 6.0): 0.0004581673306772908
(2.0, 7.0): 0.0006274900398406375
(2.0, 8.0): 0.001245019920318725
(2.0, 9.0): 0.002470119521912351
(3.0, 0.0): 1.9920318725099602e-05
(3.0, 1.0): 1.9920318725099602e-05
(3.0, 2.0): 3.9840637450199205e-05
(3.0, 3.0): 9.960159362549801e-05
(3.0, 4.0): 0.00017928286852589642
(3.0, 5.0): 0.00031872509960159364
(3.0, 6.0): 0.0007071713147410359
(3.0, 7.0): 0.0012350597609561754
(3.0, 8.0): 0.0021812749003984064
(3.0, 9.0): 0.004213147410358566
(4.0, 1.0): 9.960159362549801e-06
(4.0, 2.0): 9.960159362549801e-06
(4.0, 3.0): 1.9920318725099602e-05
(4.0, 4.0): 0.0001693227091633466
(4.0, 5.0): 0.0005278884462151394
(4.0, 6.0): 0.0013147410358565737
(4.0, 7.0): 0.0027290836653386455
(4.0, 8.0): 0.004780876494023904
(4.0, 9.0): 0.009223107569721115
(5.0, 0.0): 9.960159362549801e-06
(5.0, 1.0): 1.9920318725099602e-05
(5.0, 2.0): 2.9880478087649403e-05
(5.0, 3.0): 9.960159362549801e-05
(5.0, 4.0): 0.00030876494023904385
(5.0, 5.0): 0.0008964143426294821
(5.0, 6.0): 0.002061752988047809
(5.0, 7.0): 0.004910358565737052
(5.0, 8.0): 0.009800796812749004
(5.0, 9.0): 0.01849601593625498
(6.0, 2.0): 2.9880478087649403e-05
(6.0, 3.0): 0.0002091633466135458
(6.0, 4.0): 0.0005876494023904382
(6.0, 5.0): 0.0014840637450199204
(6.0, 6.0): 0.003436254980079681
(6.0, 7.0): 0.007858565737051793
(6.0, 8.0): 0.017280876494023906
(6.0, 9.0): 0.03446215139442231
(7.0, 1.0): 1.9920318725099602e-05
(7.0, 2.0): 9.960159362549801e-05
(7.0, 3.0): 0.000298804780876494
(7.0, 4.0): 0.0008167330677290837
(7.0, 5.0): 0.0020816733067729083
(7.0, 6.0): 0.005478087649402391
(7.0, 7.0): 0.013256972111553784
(7.0, 8.0): 0.03153386454183267
(7.0, 9.0): 0.06872509960159362
(8.0, 1.0): 2.9880478087649403e-05
(8.0, 2.0): 9.960159362549801e-05
(8.0, 3.0): 0.00039840637450199205
(8.0, 4.0): 0.0009561752988047809
(8.0, 5.0): 0.0026394422310756973
(8.0, 6.0): 0.008127490039840637
(8.0, 7.0): 0.022231075697211156
(8.0, 8.0): 0.05871513944223108
(8.0, 9.0): 0.1458565737051793
(9.0, 0.0): 3.9840637450199205e-05
(9.0, 1.0): 4.9800796812749006e-05
(9.0, 2.0): 0.0001294820717131474
(9.0, 3.0): 0.000298804780876494
(9.0, 4.0): 0.0009760956175298805
(9.0, 5.0): 0.0032370517928286854
(9.0, 6.0): 0.010179282868525897
(9.0, 7.0): 0.03321713147410359
(9.0, 8.0): 0.10547808764940239
(9.0, 9.0): 0.34594621513944224
-----------------------------------------------------------------------------------------

(0.0, 7.0): 9.960159362549801e-06
(0.0, 8.0): 9.960159362549801e-06
(0.0, 9.0): 9.960159362549801e-06
(1.0, 4.0): 1.9920318725099602e-05
(1.0, 5.0): 2.9880478087649403e-05
(1.0, 6.0): 2.9880478087649403e-05
(1.0, 7.0): 2.9880478087649403e-05
(1.0, 8.0): 5.976095617529881e-05
(1.0, 9.0): 0.00011952191235059761
(2.0, 5.0): 9.960159362549801e-06
(2.0, 6.0): 2.9880478087649403e-05
(2.0, 7.0): 1.9920318725099602e-05
(2.0, 8.0): 4.9800796812749006e-05
(2.0, 9.0): 0.0002091633466135458
(3.0, 5.0): 9.960159362549801e-06
(3.0, 6.0): 9.960159362549801e-06
(3.0, 7.0): 9.960159362549801e-06
(3.0, 8.0): 1.9920318725099602e-05
(3.0, 9.0): 0.0002290836653386454
(4.0, 1.0): 9.960159362549801e-06
(4.0, 2.0): 9.960159362549801e-06
(4.0, 3.0): 9.960159362549801e-06
(4.0, 4.0): 1.9920318725099602e-05
(4.0, 5.0): 1.9920318725099602e-05
(4.0, 6.0): 2.9880478087649403e-05
(4.0, 7.0): 6.972111553784861e-05
(4.0, 8.0): 0.00011952191235059761
(4.0, 9.0): 0.0003884462151394422
(5.0, 2.0): 9.960159362549801e-06
(5.0, 3.0): 9.960159362549801e-06
(5.0, 4.0): 9.960159362549801e-06
(5.0, 5.0): 1.9920318725099602e-05
(5.0, 6.0): 3.9840637450199205e-05
(5.0, 7.0): 8.964143426294821e-05
(5.0, 8.0): 0.000149402390438247
(5.0, 9.0): 0.0006274900398406375
(6.0, 3.0): 9.960159362549801e-06
(6.0, 4.0): 9.960159362549801e-06
(6.0, 5.0): 2.9880478087649403e-05
(6.0, 6.0): 1.9920318725099602e-05
(6.0, 7.0): 5.976095617529881e-05
(6.0, 8.0): 0.0001294820717131474
(6.0, 9.0): 0.0009262948207171314
(7.0, 3.0): 1.9920318725099602e-05
(7.0, 4.0): 1.9920318725099602e-05
(7.0, 5.0): 3.9840637450199205e-05
(7.0, 6.0): 7.968127490039841e-05
(7.0, 7.0): 0.0001294820717131474
(7.0, 8.0): 0.00034860557768924305
(7.0, 9.0): 0.0021314741035856574
(8.0, 1.0): 9.960159362549801e-06
(8.0, 2.0): 9.960159362549801e-06
(8.0, 3.0): 1.9920318725099602e-05
(8.0, 4.0): 1.9920318725099602e-05
(8.0, 5.0): 2.9880478087649403e-05
(8.0, 6.0): 3.9840637450199205e-05
(8.0, 7.0): 0.000149402390438247
(8.0, 8.0): 0.0017629482071713147
(8.0, 9.0): 0.02862549800796813
(9.0, 4.0): 9.960159362549801e-06
(9.0, 5.0): 9.960159362549801e-06
(9.0, 6.0): 4.9800796812749006e-05
(9.0, 7.0): 0.0009860557768924304
(9.0, 8.0): 0.024681274900398405
(9.0, 9.0): 0.9370916334661354
-----------------------------------------------------------------------------------------

Mismatch: 1.6464193225752504
