(0.0, 3.0): 2.9880478087649403e-05
(0.0, 4.0): 2.9880478087649403e-05
(0.0, 5.0): 2.9880478087649403e-05
(0.0, 6.0): 9.960159362549801e-05
(0.0, 7.0): 7.968127490039841e-05
(0.0, 8.0): 0.00021912350597609563
(0.0, 9.0): 0.00044820717131474104
(1.0, 2.0): 9.960159362549801e-06
(1.0, 3.0): 4.9800796812749006e-05
(1.0, 4.0): 2.9880478087649403e-05
(1.0, 5.0): 9.960159362549801e-06
(1.0, 6.0): 0.00010956175298804781
(1.0, 7.0): 0.00023904382470119523
(1.0, 8.0): 0.00044820717131474104
(1.0, 9.0): 0.0009163346613545817
(2.0, 0.0): 9.960159362549801e-06
(2.0, 1.0): 9.960159362549801e-06
(2.0, 2.0): 9.960159362549801e-06
(2.0, 3.0): 8.964143426294821e-05
(2.0, 4.0): 0.00010956175298804781
(2.0, 5.0): 0.0001693227091633466
(2.0, 6.0): 0.0003286852589641434
(2.0, 7.0): 0.00048804780876494024
(2.0, 8.0): 0.0008964143426294821
(2.0, 9.0): 0.0015737051792828686
(3.0, 0.0): 1.9920318725099602e-05
(3.0, 1.0): 1.9920318725099602e-05
(3.0, 2.0): 3.9840637450199205e-05
(3.0, 3.0): 8.964143426294821e-05
(3.0, 4.0): 0.00015936254980079682
(3.0, 5.0): 0.00026892430278884465
(3.0, 6.0): 0.0005677290836653387
(3.0, 7.0): 0.0009760956175298805
(3.0, 8.0): 0.001703187250996016
(3.0, 9.0): 0.0031772908366533865
(4.0, 2.0): 9.960159362549801e-06
(4.0, 4.0): 0.00011952191235059761
(4.0, 5.0): 0.00043824701195219125
(4.0, 6.0): 0.001145418326693227
(4.0, 7.0): 0.002430278884462151
(4.0, 8.0): 0.004233067729083665
(4.0, 9.0): 0.007699203187250996
(5.0, 3.0): 4.9800796812749006e-05
(5.0, 4.0): 0.00026892430278884465
(5.0, 5.0): 0.0007968127490039841
(5.0, 6.0): 0.0018824701195219124
(5.0, 7.0): 0.004432270916334661
(5.0, 8.0): 0.008725099601593626
(5.0, 9.0): 0.016165338645418328
(6.0, 2.0): 2.9880478087649403e-05
(6.0, 3.0): 0.00015936254980079682
(6.0, 4.0): 0.00047808764940239046
(6.0, 5.0): 0.0013147410358565737
(6.0, 6.0): 0.0033167330677290837
(6.0, 7.0): 0.007300796812749004
(6.0, 8.0): 0.016245019920318723
(6.0, 9.0): 0.032260956175298804
(7.0, 1.0): 1.9920318725099602e-05
(7.0, 2.0): 7.968127490039841e-05
(7.0, 3.0): 0.00023904382470119523
(7.0, 4.0): 0.0007370517928286853
(7.0, 5.0): 0.0018725099601593625
(7.0, 6.0): 0.005229083665338645
(7.0, 7.0): 0.013107569721115538
(7.0, 8.0): 0.03129482071713147
(7.0, 9.0): 0.06711155378486056
(8.0, 1.0): 1.9920318725099602e-05
(8.0, 2.0): 7.968127490039841e-05
(8.0, 3.0): 0.00034860557768924305
(8.0, 4.0): 0.0008665338645418327
(8.0, 5.0): 0.0026294820717131474
(8.0, 6.0): 0.008127490039840637
(8.0, 7.0): 0.022739043824701197
(8.0, 8.0): 0.06016932270916334
(8.0, 9.0): 0.14691235059760957
(9.0, 0.0): 3.9840637450199205e-05
(9.0, 1.0): 4.9800796812749006e-05
(9.0, 2.0): 8.964143426294821e-05
(9.0, 3.0): 0.0002589641434262948
(9.0, 4.0): 0.0009760956175298805
(9.0, 5.0): 0.0034262948207171313
(9.0, 6.0): 0.010567729083665338
(9.0, 7.0): 0.03467131474103586
(9.0, 8.0): 0.1120816733067729
(9.0, 9.0): 0.353296812749004
-----------------------------------------------------------------------------------------

(7.0, 8.0): 6.972111553784861e-05
(7.0, 9.0): 0.0006075697211155378
(8.0, 7.0): 4.9800796812749006e-05
(8.0, 8.0): 0.001404382470119522
(8.0, 9.0): 0.026513944223107568
(9.0, 6.0): 1.9920318725099602e-05
(9.0, 7.0): 0.0007968127490039841
(9.0, 8.0): 0.028266932270916336
(9.0, 9.0): 0.9422709163346613
-----------------------------------------------------------------------------------------

Mismatch: 4.0602413597648095
